id	count	dmax	logsum	mean	sd	dzmin	dzmax	hmax
BS_4-8_manning003_extreme/E01522N3585E03578N2685-BS-M809_E01719N3535_D010_S067D70R090_A006995_S075	28693	9.219	10.516	1.286	1.302	-0.006	-0.005	10.732
BS_4-8_manning003_extreme/E01470N3877E01631N3641-BS-M809_E01559N3737_D010_S067D90R090_A012497_S042	5211	6.814	8.223	0.715	0.88	-1.386	-0.94	9.178
BS_4-8_manning003_extreme/E00979N4372E01586N3827-BS-M809_E01517N3827_D010_S157D70R090_A006995_S075	9106	4.023	8.739	0.685	0.662	-0.002	0.017	5.361
BS_4-8_manning003_extreme/E01522N3585E03578N2685-BS-M809_E01882N3378_D010_S067D30R090_A006995_S075	22986	7.398	10.416	1.453	1.329	-0.005	-0.005	8.151
BS_4-8_manning003_extreme/E01522N3585E03578N2685-BS-M809_E01758N3445_D010_S067D50R090_A006995_S075	27254	8.104	10.548	1.398	1.339	-0.01	-0.01	8.876
BS_4-8_manning003_extreme/E01267N3753E01646N3535-BS-M809_E01547N3670_D010_S022D70R090_A006995_S075	97585	20.732	12.457	2.635	2.43	0.574	1.149	28.38
BS_4-8_manning003_extreme/E01522N3585E03578N2685-BS-M792_E01794N3490_D010_S067D30R090_A004781_S062	12729	4.682	9.285	0.846	0.769	-0.005	-0.005	5.824
BS_4-8_manning003_extreme/E01522N3585E03578N2685-BS-M809_E01739N3490_D010_S247D30R090_A006995_S075	24212	7.145	10.337	1.275	1.165	-0.012	-0.011	8.116
BS_4-8_manning003_extreme/E01522N3585E03578N2685-BS-M809_E01859N3400_D010_S067D30R090_A006995_S075	22183	7.024	10.326	1.376	1.244	-0.006	-0.006	7.887
BS_4-8_manning003_extreme/E01522N3585E03578N2685-BS-M809_E01640N3557_D010_S067D70R270_A006995_S075	21771	8.504	10.339	1.42	1.337	0.006	0.006	9.916
BS_4-8_manning003_extreme/E01522N3585E03578N2685-BS-M792_E01844N3467_D010_S067D70R270_A004781_S062	13335	6.762	9.486	0.988	0.989	0.002	0.002	7.265
BS_4-8_manning003_extreme/E01522N3585E03578N2685-BS-M809_E01824N3355_D010_S067D30R090_A006995_S075	18441	6.871	10.04	1.244	1.128	-0.006	-0.006	7.737
BS_4-8_manning003_extreme/E01522N3585E03578N2685-BS-M809_E01762N3467_D010_S067D50R090_A006995_S075	31864	8.497	10.74	1.449	1.393	-0.011	-0.01	8.853
BS_4-8_manning003_extreme/E01267N3753E01646N3535-BS-M809_E01589N3580_D010_S067D70R090_A006995_S075	35504	10.962	10.846	1.446	1.45	-0.001	0.004	10.988
BS_4-8_manning003_extreme/E01548N3896E01854N3659-BS-M732_E01591N3760_D010_S337D30R090_A002108_S017	3460	2.558	7.417	0.481	0.448	-0.006	-0.004	3.385
BS_4-8_manning003_extreme/E01522N3585E03578N2685-BS-M809_E01688N3512_D010_S067D30R090_A006995_S075	22784	7.592	10.24	1.229	1.106	-0.018	-0.017	7.875
BS_4-8_manning003_extreme/E01522N3585E03578N2685-BS-M809_E01790N3467_D010_S067D30R090_A006995_S075	22357	6.659	10.291	1.318	1.181	-0.009	-0.009	7.441
BS_4-8_manning003_extreme/E01108N3882E01527N3690-BS-M809_E01445N3737_D010_S067D90R270_A012497_S042	17701	5.801	9.721	0.941	0.842	0.261	0.41	6.677
BS_4-8_manning003_extreme/E01522N3585E03578N2685-BS-M809_E01851N3355_D010_S067D70R090_A006995_S075	33528	11.515	10.91	1.632	1.75	-0.004	-0.003	13.099
BS_4-8_manning003_extreme/E01522N3585E03578N2685-BS-M809_E01786N3445_D010_S067D30R090_A006995_S075	23662	7.356	10.382	1.363	1.247	-0.009	-0.009	7.997
BS_4-8_manning003_extreme/E01522N3585E03578N2685-BS-M809_E01758N3445_D010_S247D50R090_A006995_S075	23610	8.139	10.349	1.323	1.215	-0.01	-0.009	8.987
BS_4-8_manning003_extreme/E01522N3585E03578N2685-BS-M809_E01886N3400_D010_S067D70R090_A006995_S075	29252	10.649	10.69	1.502	1.554	-0.003	-0.003	12.118
BS_4-8_manning003_extreme/E01522N3585E03578N2685-BS-M809_E01766N3490_D010_S067D30R090_A006995_S075	22073	7.02	10.239	1.267	1.131	-0.011	-0.01	7.272
BS_4-8_manning003_extreme/E01522N3585E03578N2685-BS-M809_E01790N3467_D010_S067D70R090_A006995_S075	31014	8.875	10.678	1.399	1.379	-0.005	-0.004	9.32
BS_4-8_manning003_extreme/E01522N3585E03578N2685-BS-M809_E01778N3400_D010_S247D50R090_A006995_S075	19589	7.218	10.058	1.191	1.069	-0.009	-0.008	8.219
BS_4-8_manning003_extreme/E01267N3753E01646N3535-BS-M809_E01575N3670_D010_S157D90R270_A006995_S075	91832	24.635	12.457	2.799	2.688	0.79	1.45	28.186
BS_4-8_manning003_extreme/E01522N3585E03578N2685-BS-M809_E01609N3535_D010_S247D50R090_A006995_S075	22313	6.83	10.239	1.253	1.126	-0.021	-0.02	8.203
BS_4-8_manning003_extreme/E01470N3877E01631N3641-BS-M809_E01583N3715_D010_S157D90R270_A012497_S042	57794	19.648	11.725	2.14	2.061	0.386	0.564	22.478
BS_4-8_manning003_extreme/E01522N3585E03578N2685-BS-M809_E01855N3378_D010_S247D30R090_A006995_S075	24952	8.188	10.452	1.388	1.293	-0.006	-0.006	9.174
BS_4-8_manning003_extreme/E01522N3585E03578N2685-BS-M774_E01832N3400_D010_S247D30R090_A003139_S050	10607	4.876	9.036	0.792	0.788	-0.002	-0.002	5.327
BS_4-8_manning003_extreme/E01522N3585E03578N2685-BS-M809_E01640N3557_D010_S067D30R090_A006995_S075	23789	7.834	10.291	1.238	1.134	-0.028	-0.025	8.306
BS_4-8_manning003_extreme/E01267N3753E01646N3535-BS-M809_E01575N3670_D010_S112D10R090_A006995_S075	8797	4.426	8.739	0.709	0.715	-1.344	-0.027	6.412
BS_4-8_manning003_extreme/E01267N3753E01646N3535-BS-M809_E01561N3580_D010_S067D90R090_A006995_S075	27924	10.597	10.6	1.438	1.474	0.019	0.025	10.887
BS_4-8_manning003_extreme/E01522N3585E03578N2685-BS-M792_E01708N3467_D010_S247D50R090_A004781_S062	12167	4.694	9.184	0.8	0.727	-0.008	-0.008	5.335
BS_4-8_manning003_extreme/E01446N4259E02038N3783-BS-M809_E01970N3805_D010_S157D90R270_A006995_S075	54938	17.875	11.685	2.162	2.391	0.0	0.0	19.856
BS_4-8_manning003_extreme/E01522N3585E03578N2685-BS-M809_E01684N3490_D010_S067D30R090_A006995_S075	19550	6.98	10.093	1.236	1.08	-0.017	-0.015	7.144
BS_4-8_manning003_extreme/E01470N3877E01631N3641-BS-M809_E01559N3737_D010_S022D90R090_A012497_S042	71283	16.765	11.968	2.211	1.96	1.259	1.88	19.583
BS_4-8_manning003_extreme/E01470N3877E01631N3641-BS-M809_E01603N3670_D010_S337D70R090_A012497_S042	56267	18.633	11.662	2.062	1.962	0.328	0.487	22.212
BS_4-8_manning003_extreme/E01522N3585E03578N2685-BS-M809_E01855N3378_D010_S067D50R090_A006995_S075	31364	10.198	10.792	1.551	1.567	-0.006	-0.006	11.404
BS_4-8_manning003_extreme/E01470N3877E01631N3641-BS-M809_E01603N3670_D010_S022D70R090_A012497_S042	60673	17.532	11.672	1.932	2.02	0.158	0.243	21.667
BS_4-8_manning003_extreme/E01522N3585E03578N2685-BS-M792_E01867N3445_D010_S067D70R270_A004781_S062	13091	6.742	9.471	0.991	0.991	0.002	0.002	7.167
BS_4-8_manning003_extreme/E01267N3753E01646N3535-BS-M809_E01547N3670_D010_S202D70R270_A006995_S075	83410	21.356	12.237	2.473	2.467	0.4	1.051	27.989
BS_4-8_manning003_extreme/E01522N3585E03578N2685-BS-M809_E01878N3355_D010_S067D70R090_A006995_S075	36832	12.364	11.038	1.688	1.826	-0.003	-0.003	14.119
BS_4-8_manning003_extreme/E01522N3585E03578N2685-BS-M809_E01660N3512_D010_S067D50R090_A006995_S075	28044	9.391	10.533	1.339	1.317	-0.018	-0.017	9.802
BS_4-8_manning003_extreme/E01522N3585E03578N2685-BS-M809_E01817N3467_D010_S067D30R090_A006995_S075	18480	5.906	9.974	1.161	0.994	-0.008	-0.007	6.257
BS_4-8_manning003_extreme/E01267N3753E01646N3535-BS-M809_E01592N3602_D010_S022D70R090_A006995_S075	55302	18.083	11.565	1.905	2.174	0.032	0.057	22.075
BS_4-8_manning003_extreme/E01267N3753E01646N3535-BS-M809_E01575N3670_D010_S157D90R090_A006995_S075	47527	15.644	11.498	2.074	2.152	-1.45	-0.79	23.055
BS_4-8_manning003_extreme/E01522N3585E03578N2685-BS-M809_E01977N3310_D010_S067D50R090_A006995_S075	18084	6.656	9.906	1.109	1.013	-0.004	-0.004	7.547
BS_4-8_manning003_extreme/E01522N3585E03578N2685-BS-M809_E01851N3355_D010_S067D50R090_A006995_S075	29928	10.546	10.745	1.551	1.598	-0.006	-0.006	12.151
BS_4-8_manning003_extreme/E01522N3585E03578N2685-BS-M809_E01664N3535_D010_S067D30R090_A006995_S075	23191	7.458	10.255	1.226	1.108	-0.023	-0.02	7.77
BS_4-8_manning003_extreme/E01522N3585E03578N2685-BS-M809_E01636N3535_D010_S247D50R090_A006995_S075	26670	7.62	10.49	1.348	1.256	-0.02	-0.019	9.038
BS_4-8_manning003_extreme/E01522N3585E03578N2685-BS-M809_E01828N3378_D010_S067D70R090_A006995_S075	31885	11.111	10.812	1.557	1.632	-0.004	-0.004	12.586
BS_4-8_manning003_extreme/E01522N3585E03578N2685-BS-M792_E01905N3355_D010_S067D70R270_A004781_S062	17775	8.531	10.123	1.401	1.442	0.002	0.002	10.088
BS_4-8_manning003_extreme/E01522N3585E03578N2685-BS-M809_E01786N3445_D010_S067D70R090_A006995_S075	32841	9.313	10.777	1.458	1.462	-0.005	-0.005	9.721
BS_4-8_manning003_extreme/E01522N3585E03578N2685-BS-M792_E01798N3512_D010_S067D30R090_A004781_S062	9754	3.433	8.769	0.659	0.605	-0.005	-0.005	4.279
BS_4-8_manning003_extreme/E01522N3585E03578N2685-BS-M809_E01919N3288_D010_S067D50R090_A006995_S075	20949	7.552	10.149	1.22	1.124	-0.004	-0.004	8.112
BS_4-8_manning003_extreme/E01522N3585E03578N2685-BS-M809_E01688N3512_D010_S067D50R090_A006995_S075	29051	9.09	10.543	1.305	1.255	-0.016	-0.015	9.269
BS_4-8_manning003_extreme/E01522N3585E03578N2685-BS-M792_E01859N3400_D010_S067D70R270_A004781_S062	16862	7.429	9.989	1.292	1.275	0.002	0.002	9.713
BS_4-8_manning003_extreme/E01522N3585E03578N2685-BS-M809_E01959N3355_D010_S067D30R090_A006995_S075	17045	7.136	9.913	1.185	1.138	-0.004	-0.004	8.778
BS_4-8_manning003_extreme/E01522N3585E03578N2685-BS-M792_E01692N3535_D010_S067D70R270_A004781_S062	16867	7.413	9.92	1.206	1.094	0.005	0.005	8.979
BS_4-8_manning003_extreme/E01446N4259E02038N3783-BS-M809_E01875N3895_D010_S112D90R270_A006995_S075	34299	11.201	10.905	1.588	1.616	0.0	0.001	12.375
BS_4-8_manning003_extreme/E01522N3585E03578N2685-BS-M809_E01668N3557_D010_S247D30R090_A006995_S075	22852	6.96	10.151	1.121	1.01	-0.021	-0.019	7.33
BS_4-8_manning003_extreme/E01522N3585E03578N2685-BS-M792_E01909N3378_D010_S067D90R090_A004781_S062	20989	9.741	10.363	1.509	1.554	0.0	0.0	11.604
BS_4-8_manning003_extreme/E01267N3753E01646N3535-BS-M809_E01564N3602_D010_S067D90R090_A006995_S075	39466	11.228	11.025	1.555	1.591	0.032	0.046	12.601
BS_4-8_manning003_extreme/E01522N3585E03578N2685-BS-M792_E01747N3535_D010_S067D70R270_A004781_S062	13493	5.764	9.452	0.943	0.904	0.003	0.004	7.458
BS_4-8_manning003_extreme/E01522N3585E03578N2685-BS-M792_E01882N3378_D010_S067D90R090_A004781_S062	22937	10.384	10.499	1.582	1.608	0.0	0.0	12.059
BS_4-8_manning003_extreme/E01446N4259E02038N3783-BS-M809_E01899N3872_D010_S112D90R270_A006995_S075	23639	8.476	10.281	1.234	1.235	0.0	0.001	10.502
BS_4-8_manning003_extreme/E01522N3585E03578N2685-BS-M809_E01851N3355_D010_S247D50R090_A006995_S075	25133	8.458	10.501	1.447	1.395	-0.006	-0.006	9.471
BS_4-8_manning003_extreme/E01522N3585E03578N2685-BS-M809_E01878N3355_D010_S247D50R090_A006995_S075	27369	9.061	10.629	1.51	1.476	-0.005	-0.005	10.91
BS_4-8_manning003_extreme/E01522N3585E03578N2685-BS-M774_E01859N3400_D010_S067D30R090_A003139_S050	11214	5.508	9.161	0.849	0.843	-0.002	-0.002	6.171
BS_4-8_manning003_extreme/E01522N3585E03578N2685-BS-M809_E01853N3512_D010_S067D50R090_A006995_S075	14247	5.958	9.525	0.962	0.912	-0.005	-0.004	7.24
BS_4-8_manning003_extreme/E01522N3585E03578N2685-BS-M809_E01836N3422_D010_S247D30R090_A006995_S075	23178	6.79	10.306	1.291	1.173	-0.007	-0.006	7.837
BS_4-8_manning003_extreme/E00979N4372E01586N3827-BS-M809_E01517N3827_D010_S157D70R270_A006995_S075	14597	4.869	9.306	0.754	0.622	-0.017	0.002	6.559
BS_4-8_manning003_extreme/E01522N3585E03578N2685-BS-M809_E01932N3355_D010_S247D50R090_A006995_S075	22402	7.669	10.308	1.338	1.237	-0.004	-0.004	8.346
BS_4-8_manning003_extreme/E01522N3585E03578N2685-BS-M809_E01847N3333_D010_S067D50R090_A006995_S075	24259	9.603	10.477	1.463	1.484	-0.006	-0.006	11.364
BS_4-8_manning003_extreme/E01522N3585E03578N2685-BS-M792_E01778N3400_D010_S247D50R090_A004781_S062	13042	5.584	9.337	0.87	0.825	-0.005	-0.005	6.21
BS_4-8_manning003_extreme/E01522N3585E03578N2685-BS-M809_E01973N3288_D010_S067D50R090_A006995_S075	22903	8.327	10.352	1.368	1.297	-0.004	-0.004	10.097
BS_4-8_manning003_extreme/E01522N3585E03578N2685-BS-M809_E01731N3445_D010_S247D50R090_A006995_S075	19789	6.714	10.068	1.192	1.049	-0.011	-0.01	7.661
BS_4-8_manning003_extreme/E01522N3585E03578N2685-BS-M792_E01905N3355_D010_S247D70R270_A004781_S062	21414	9.983	10.407	1.545	1.629	0.002	0.002	12.277
BS_4-8_manning003_extreme/E01522N3585E03578N2685-BS-M774_E01801N3378_D010_S067D50R090_A003139_S050	8288	4.168	8.678	0.708	0.711	-0.003	-0.002	5.573
BS_4-8_manning003_extreme/E01267N3753E01646N3535-BS-M792_E01551N3692_D125_S292D10R270_A004781_S062	12672	5.502	9.349	0.906	0.875	-0.447	1.023	5.355
BS_4-8_manning003_extreme/E01522N3585E03578N2685-BS-M792_E01731N3445_D010_S247D50R090_A004781_S062	12156	4.439	9.185	0.802	0.737	-0.007	-0.006	5.297
BS_4-8_manning003_extreme/E01522N3585E03578N2685-BS-M774_E01882N3378_D010_S247D70R270_A003139_S050	14748	8.137	9.787	1.207	1.307	0.001	0.001	10.558
BS_4-8_manning003_extreme/E01522N3585E03578N2685-BS-M809_E01794N3490_D010_S247D30R090_A006995_S075	18760	6.39	9.91	1.073	0.929	-0.009	-0.008	7.724
BS_4-8_manning003_extreme/E01267N3753E01646N3535-BS-M809_E01519N3670_D010_S337D10R270_A006995_S075	917	3.475	6.371	0.637	0.794	-1.694	0.043	5.586
BS_4-8_manning003_extreme/E01267N3753E01646N3535-BS-M809_E01575N3670_D010_S112D90R090_A006995_S075	124373	21.913	12.733	2.725	2.338	1.301	2.36	20.375
BS_4-8_manning003_extreme/E01522N3585E03578N2685-BS-M809_E01660N3512_D010_S247D50R090_A006995_S075	23818	7.383	10.352	1.315	1.193	-0.018	-0.016	8.551
BS_4-8_manning003_extreme/E01522N3585E03578N2685-BS-M809_E01909N3378_D010_S067D70R090_A006995_S075	31249	11.177	10.82	1.6	1.702	-0.003	-0.003	12.819
BS_4-8_manning003_extreme/E01522N3585E03578N2685-BS-M809_E01825N3512_D010_S247D50R090_A006995_S075	14510	5.121	9.456	0.881	0.752	-0.007	-0.006	6.149
BS_4-8_manning003_extreme/E01267N3753E01646N3535-BS-M809_E01575N3670_D010_S022D10R270_A006995_S075	31863	11.626	10.804	1.545	1.561	0.041	0.043	12.61
BS_4-8_manning003_extreme/E01108N3882E01527N3690-BS-M809_E01509N3782_D010_S112D90R270_A012497_S042	47531	14.4	11.361	1.807	1.865	0.185	0.262	18.173
BS_4-8_manning003_extreme/E01522N3585E03578N2685-BS-M809_E01747N3535_D010_S247D30R090_A006995_S075	17697	5.604	9.716	0.937	0.826	-0.012	-0.011	5.838
BS_4-8_manning003_extreme/E01522N3585E03578N2685-BS-M809_E01644N3580_D010_S067D70R270_A006995_S075	23008	7.466	10.42	1.457	1.374	0.001	0.004	9.325
BS_4-8_manning003_extreme/E01522N3585E03578N2685-BS-M809_E01828N3378_D010_S067D30R090_A006995_S075	21368	6.8	10.294	1.383	1.246	-0.007	-0.006	7.469
BS_4-8_manning003_extreme/E01267N3753E01646N3535-BS-M809_E01519N3670_D010_S067D90R090_A006995_S075	89115	19.458	12.223	2.281	2.057	0.637	1.201	18.707
BS_4-8_manning003_extreme/E01108N3882E01527N3690-BS-M809_E01442N3715_D010_S067D70R090_A012497_S042	3828	5.593	7.802	0.638	0.742	-0.702	-0.385	7.575
BS_4-8_manning003_extreme/E01522N3585E03578N2685-BS-M774_E01855N3378_D010_S247D30R090_A003139_S050	11025	5.241	9.136	0.842	0.835	-0.002	-0.002	5.812
BS_4-8_manning003_extreme/E01522N3585E03578N2685-BS-M809_E01664N3535_D010_S247D30R090_A006995_S075	24718	6.773	10.346	1.26	1.15	-0.02	-0.018	7.434
BS_4-8_manning003_extreme/E01522N3585E03578N2685-BS-M792_E01636N3535_D010_S067D70R270_A004781_S062	14222	6.116	9.598	1.036	1.004	0.006	0.006	7.158
BS_4-8_manning003_extreme/E01522N3585E03578N2685-BS-M809_E01758N3445_D010_S067D30R090_A006995_S075	21176	6.755	10.226	1.304	1.154	-0.011	-0.01	7.392
BS_4-8_manning003_extreme/E01522N3585E03578N2685-BS-M809_E01874N3333_D010_S067D50R270_A006995_S075	20561	8.354	10.36	1.536	1.506	0.005	0.005	9.844
BS_4-8_manning003_extreme/E01522N3585E03578N2685-BS-M809_E01805N3400_D010_S067D30R090_A006995_S075	20602	6.349	10.212	1.321	1.173	-0.008	-0.007	7.317
BS_4-8_manning003_extreme/E01548N3896E01854N3659-BS-M754_E01619N3760_D010_S337D30R090_A003524_S022	8596	4.847	8.763	0.744	0.788	-0.01	-0.009	6.525
BS_4-8_manning003_extreme/E01522N3585E03578N2685-BS-M809_E01794N3490_D010_S067D70R090_A006995_S075	25319	8.267	10.373	1.263	1.226	-0.005	-0.004	8.557
BS_4-8_manning003_extreme/E01108N3882E01527N3690-BS-M809_E01442N3715_D010_S247D70R270_A012497_S042	5716	7.348	8.422	0.795	0.942	-0.7	-0.435	9.05
BS_4-8_manning003_extreme/E01522N3585E03578N2685-BS-M809_E01853N3512_D010_S247D50R090_A006995_S075	14656	5.87	9.478	0.892	0.772	-0.005	-0.004	7.342
BS_4-8_manning003_extreme/E01522N3585E03578N2685-BS-M809_E01692N3535_D010_S067D30R090_A006995_S075	22828	7.589	10.218	1.2	1.083	-0.019	-0.017	8.001
BS_4-8_manning003_extreme/E01522N3585E03578N2685-BS-M792_E01824N3355_D010_S067D30R090_A004781_S062	12849	4.967	9.363	0.907	0.864	-0.004	-0.004	5.726
BS_4-8_manning003_extreme/E01522N3585E03578N2685-BS-M809_E01719N3535_D010_S067D70R270_A006995_S075	21798	7.289	10.329	1.404	1.322	0.005	0.006	8.695
BS_4-8_manning003_extreme/E01522N3585E03578N2685-BS-M809_E01743N3512_D010_S067D30R090_A006995_S075	21265	6.791	10.125	1.174	1.031	-0.013	-0.012	6.953
BS_4-8_manning003_extreme/E01522N3585E03578N2685-BS-M809_E01867N3445_D010_S067D70R090_A006995_S075	21869	8.596	10.237	1.277	1.266	-0.003	-0.003	9.46
BS_4-8_manning003_extreme/E01522N3585E03578N2685-BS-M809_E01825N3512_D010_S067D50R090_A006995_S075	15581	5.503	9.626	0.973	0.882	-0.007	-0.006	7.177
BS_4-8_manning003_extreme/E01522N3585E03578N2685-BS-M809_E01932N3355_D010_S067D30R090_A006995_S075	20215	7.87	10.246	1.393	1.287	-0.004	-0.004	9.546
BS_4-8_manning003_extreme/E01522N3585E03578N2685-BS-M809_E01644N3580_D010_S067D30R090_A006995_S075	24069	8.286	10.271	1.2	1.113	-0.031	-0.027	8.665
BS_4-8_manning003_extreme/E01522N3585E03578N2685-BS-M809_E01778N3400_D010_S067D50R090_A006995_S075	21501	7.592	10.237	1.298	1.228	-0.009	-0.008	8.419
BS_4-8_manning003_extreme/E01470N3877E01631N3641-BS-M774_E01603N3670_D010_S067D90R270_A005608_S028	11491	4.895	9.128	0.801	0.793	-0.118	-0.063	6.167
BS_4-8_manning003_extreme/E01470N3877E01631N3641-BS-M809_E01579N3692_D010_S112D90R090_A012497_S042	4053	8.321	8.635	1.387	1.382	-2.073	-1.522	12.521
BS_4-8_manning003_extreme/E01522N3585E03578N2685-BS-M809_E01936N3378_D010_S067D30R090_A006995_S075	18053	7.269	10.032	1.26	1.168	-0.004	-0.004	8.794
BS_4-8_manning003_extreme/E01522N3585E03578N2685-BS-M809_E01794N3490_D010_S067D30R090_A006995_S075	17729	6.085	9.849	1.068	0.912	-0.009	-0.008	6.299
BS_4-8_manning003_extreme/E01522N3585E03578N2685-BS-M792_E01832N3400_D010_S247D70R270_A004781_S062	19835	9.669	10.232	1.401	1.405	0.002	0.003	11.021
BS_4-8_manning003_extreme/E01522N3585E03578N2685-BS-M809_E01848N3490_D010_S067D30R090_A006995_S075	13907	5.535	9.462	0.924	0.841	-0.006	-0.006	6.934
BS_4-8_manning003_extreme/E01522N3585E03578N2685-BS-M774_E01909N3378_D010_S247D30R090_A003139_S050	11398	5.785	9.204	0.872	0.874	-0.002	-0.001	6.468
BS_4-8_manning003_extreme/E01522N3585E03578N2685-BS-M809_E01609N3535_D010_S067D30R090_A006995_S075	19126	7.67	10.043	1.202	1.081	-0.027	-0.025	8.106
BS_4-8_manning003_extreme/E01522N3585E03578N2685-BS-M809_E01636N3535_D010_S067D30R090_A006995_S075	22266	7.528	10.221	1.234	1.113	-0.026	-0.023	7.867
BS_4-8_manning003_extreme/E01446N4259E02038N3783-BS-M809_E01846N3895_D010_S292D70R090_A006995_S075	45176	11.869	11.265	1.728	1.715	-0.003	-0.002	13.532
BS_4-8_manning003_extreme/E01522N3585E03578N2685-BS-M809_E01711N3490_D010_S067D70R090_A006995_S075	29452	8.905	10.62	1.39	1.344	-0.007	-0.006	9.02
BS_4-8_manning003_extreme/E01522N3585E03578N2685-BS-M809_E01896N3310_D010_S067D50R090_A006995_S075	23211	8.624	10.369	1.372	1.332	-0.005	-0.005	10.477
BS_4-8_manning003_extreme/E01522N3585E03578N2685-BS-M809_E01844N3467_D010_S247D30R090_A006995_S075	16890	4.906	9.713	0.979	0.846	-0.007	-0.006	5.616
BS_4-8_manning003_extreme/E01522N3585E03578N2685-BS-M809_E01882N3378_D010_S247D30R090_A006995_S075	24745	7.715	10.448	1.393	1.289	-0.005	-0.005	9.124
BS_4-8_manning003_extreme/E01522N3585E03578N2685-BS-M809_E01739N3490_D010_S067D70R090_A006995_S075	33740	9.472	10.777	1.42	1.39	-0.006	-0.006	9.508
BS_4-8_manning003_extreme/E01522N3585E03578N2685-BS-M809_E01936N3378_D010_S067D70R090_A006995_S075	25614	10.691	10.616	1.593	1.681	-0.003	-0.002	12.573
BS_4-8_manning003_extreme/E01522N3585E03578N2685-BS-M809_E01836N3422_D010_S067D70R270_A006995_S075	21462	7.925	10.363	1.476	1.405	0.004	0.004	9.27
BS_4-8_manning003_extreme/E01522N3585E03578N2685-BS-M809_E01739N3490_D010_S067D50R090_A006995_S075	30562	8.371	10.624	1.344	1.283	-0.012	-0.011	8.772
BS_4-8_manning003_extreme/E01522N3585E03578N2685-BS-M809_E01824N3355_D010_S247D50R090_A006995_S075	20915	7.818	10.199	1.285	1.186	-0.007	-0.006	9.191
BS_4-8_manning003_extreme/E01522N3585E03578N2685-BS-M792_E01836N3422_D010_S067D70R270_A004781_S062	15666	6.486	9.822	1.177	1.133	0.002	0.002	7.581
BS_4-8_manning003_extreme/E01522N3585E03578N2685-BS-M809_E01782N3422_D010_S067D30R090_A006995_S075	20527	6.316	10.2	1.31	1.156	-0.009	-0.008	7.241
BS_4-8_manning003_extreme/E01267N3753E01646N3535-BS-M809_E01557N3557_D010_S067D70R270_A006995_S075	15010	6.751	9.729	1.119	1.086	-0.001	0.003	8.179
BS_4-8_manning003_extreme/E01522N3585E03578N2685-BS-M809_E01874N3333_D010_S067D30R090_A006995_S075	20916	8.097	10.302	1.425	1.329	-0.005	-0.005	9.867
BS_4-8_manning003_extreme/E01267N3753E01646N3535-BS-M774_E01568N3625_D010_S067D90R270_A003139_S050	14277	6.522	9.651	1.088	1.051	-0.021	-0.013	7.78
BS_4-8_manning003_extreme/E01267N3753E01646N3535-BS-M809_E01530N3737_D010_S157D90R270_A006995_S075	109818	26.059	12.657	2.859	2.722	1.239	2.236	28.07
BS_4-8_manning003_extreme/E01522N3585E03578N2685-BS-M809_E01766N3490_D010_S247D30R090_A006995_S075	22086	6.128	10.168	1.18	1.058	-0.011	-0.01	7.223
BS_4-8_manning003_extreme/E01522N3585E03578N2685-BS-M792_E01778N3400_D010_S067D30R090_A004781_S062	11501	4.216	9.131	0.803	0.76	-0.005	-0.005	5.276
BS_4-8_manning003_extreme/E01470N3877E01631N3641-BS-M792_E01603N3670_D010_S022D90R090_A008541_S034	42736	14.466	11.194	1.702	1.855	0.096	0.157	18.64
BS_4-8_manning003_extreme/E01522N3585E03578N2685-BS-M809_E01954N3333_D010_S247D50R090_A006995_S075	16917	6.173	9.829	1.098	0.971	-0.004	-0.004	6.968
BS_4-8_manning003_extreme/E01522N3585E03578N2685-BS-M809_E01857N3535_D010_S022D70R090_A006995_S075	61054	17.794	11.744	2.064	2.33	-0.006	-0.006	20.937
BS_4-8_manning003_extreme/E01522N3585E03578N2685-BS-M809_E01813N3445_D010_S067D70R090_A006995_S075	29945	9.156	10.648	1.406	1.404	-0.004	-0.004	9.731
BS_4-8_manning003_extreme/E01522N3585E03578N2685-BS-M792_E01798N3512_D010_S247D30R090_A004781_S062	10518	4.714	8.889	0.69	0.643	-0.005	-0.004	5.733
BS_4-8_manning003_extreme/E01522N3585E03578N2685-BS-M809_E01886N3400_D010_S067D30R090_A006995_S075	20064	6.299	10.187	1.324	1.18	-0.005	-0.005	7.273
BS_4-8_manning003_extreme/E01522N3585E03578N2685-BS-M809_E01863N3422_D010_S067D70R090_A006995_S075	26298	9.105	10.5	1.381	1.361	-0.003	-0.003	10.289
BS_4-8_manning003_extreme/E01267N3753E01646N3535-BS-M809_E01530N3737_D144_S067D10R270_A006995_S075	4198	2.389	7.48	0.422	0.444	-1.427	-0.876	4.105
BS_4-8_manning003_extreme/E01522N3585E03578N2685-BS-M809_E01901N3333_D010_S067D70R090_A006995_S075	32470	11.139	10.854	1.593	1.716	-0.003	-0.003	13.787
BS_4-8_manning003_extreme/E01522N3585E03578N2685-BS-M809_E01640N3557_D010_S067D70R090_A006995_S075	31376	9.687	10.623	1.309	1.303	-0.006	-0.006	10.919
BS_4-8_manning003_extreme/E01522N3585E03578N2685-BS-M809_E01840N3445_D010_S067D30R090_A006995_S075	18340	5.602	9.977	1.173	1.011	-0.007	-0.006	6.259
BS_4-8_manning003_extreme/E01446N4259E02038N3783-BS-M809_E01946N3827_D010_S337D70R090_A006995_S075	42793	14.599	11.268	1.83	1.993	-0.005	-0.005	15.504
BS_4-8_manning003_extreme/E01267N3753E01646N3535-BS-M809_E01544N3647_D010_S067D90R090_A006995_S075	57684	13.489	11.511	1.731	1.759	0.171	0.286	16.771
BS_4-8_manning003_extreme/E00979N4372E01586N3827-BS-M809_E01517N3827_D010_S337D70R090_A006995_S075	18180	5.494	9.641	0.846	0.664	0.078	0.108	6.455
BS_4-8_manning003_extreme/E01522N3585E03578N2685-BS-M809_E01817N3467_D010_S067D70R090_A006995_S075	25122	8.24	10.383	1.286	1.255	-0.004	-0.004	8.466
BS_4-8_manning003_extreme/E01267N3753E01646N3535-BS-M809_E01530N3737_D144_S067D90R090_A006995_S075	4459	3.424	7.575	0.437	0.471	-1.473	-0.972	5.771
BS_4-8_manning003_extreme/E01522N3585E03578N2685-BS-M809_E01754N3422_D010_S247D50R090_A006995_S075	19393	7.105	10.023	1.163	1.03	-0.01	-0.009	8.313
BS_4-8_manning003_extreme/E01522N3585E03578N2685-BS-M809_E01585N3557_D010_S067D30R090_A006995_S075	20619	8.248	10.199	1.303	1.187	-0.033	-0.031	8.658
BS_4-8_manning003_extreme/E01522N3585E03578N2685-BS-M809_E01867N3445_D010_S067D50R270_A006995_S075	16728	6.764	9.897	1.188	1.14	0.005	0.006	7.465
BS_4-8_manning003_extreme/E01522N3585E03578N2685-BS-M809_E01832N3400_D010_S247D30R090_A006995_S075	24411	7.8	10.411	1.361	1.257	-0.007	-0.006	9.116
BS_4-8_manning003_extreme/E01267N3753E01646N3535-BS-M754_E01616N3580_D010_S067D90R090_A001972_S039	8416	5.512	8.828	0.81	0.878	0.001	0.001	7.135
BS_4-8_manning003_extreme/E01522N3585E03578N2685-BS-M809_E01824N3355_D010_S067D50R090_A006995_S075	23873	9.354	10.436	1.426	1.409	-0.007	-0.006	10.902
BS_4-8_manning003_extreme/E01522N3585E03578N2685-BS-M809_E01762N3467_D010_S067D30R090_A006995_S075	24715	7.012	10.426	1.365	1.252	-0.011	-0.01	7.995
BS_4-8_manning003_extreme/E01522N3585E03578N2685-BS-M809_E01905N3355_D010_S067D30R090_A006995_S075	22707	8.167	10.419	1.475	1.368	-0.005	-0.005	9.798
BS_4-8_manning003_extreme/E01446N4259E02038N3783-BS-M809_E01846N3895_D010_S112D90R270_A006995_S075	42194	11.617	11.17	1.683	1.684	0.001	0.001	12.908
BS_4-8_manning003_extreme/E01522N3585E03578N2685-BS-M809_E01613N3557_D010_S067D50R270_A006995_S075	20630	8.377	10.262	1.387	1.3	0.022	0.023	9.485
BS_4-8_manning003_extreme/E01548N3896E01854N3659-BS-M754_E01619N3760_D010_S157D50R270_A003524_S022	8869	4.908	8.737	0.702	0.77	0.001	0.002	6.534
BS_4-8_manning003_extreme/E01267N3753E01646N3535-BS-M809_E01564N3602_D010_S067D10R090_A006995_S075	14389	5.396	9.59	1.016	0.913	-0.029	-0.026	6.361
BS_4-8_manning003_extreme/E01522N3585E03578N2685-BS-M792_E01668N3557_D010_S067D70R270_A004781_S062	16462	7.58	9.901	1.212	1.108	0.005	0.005	9.325
BS_4-8_manning003_extreme/E01522N3585E03578N2685-BS-M809_E01901N3333_D010_S067D30R090_A006995_S075	21715	8.228	10.351	1.441	1.347	-0.005	-0.004	10.082
BS_4-8_manning003_extreme/E01522N3585E03578N2685-BS-M809_E01640N3557_D010_S247D30R090_A006995_S075	24281	7.278	10.295	1.218	1.109	-0.024	-0.022	7.469
BS_4-8_manning003_extreme/E01267N3753E01646N3535-BS-M809_E01530N3737_D010_S112D90R270_A006995_S075	73308	21.767	12.179	2.654	2.348	0.546	0.978	25.447
BS_4-8_manning003_extreme/E01522N3585E03578N2685-BS-M809_E01895N3445_D010_S247D70R270_A006995_S075	17645	8.547	9.994	1.241	1.265	0.003	0.003	10.497
BS_4-8_manning003_extreme/E01522N3585E03578N2685-BS-M809_E01878N3355_D010_S067D50R270_A006995_S075	23482	9.048	10.555	1.633	1.608	0.005	0.006	10.944
BS_4-8_manning003_extreme/E01522N3585E03578N2685-BS-M809_E01847N3333_D010_S067D30R090_A006995_S075	18555	7.287	10.06	1.261	1.176	-0.006	-0.005	8.9
BS_4-8_manning003_extreme/E01108N3882E01527N3690-BS-M809_E01442N3715_D010_S247D30R270_A012497_S042	9600	6.787	8.863	0.736	0.789	-0.129	-0.055	7.653
BS_4-8_manning003_extreme/E01522N3585E03578N2685-BS-M792_E01633N3512_D010_S067D30R090_A004781_S062	10928	5.405	9.101	0.82	0.825	-0.014	-0.013	6.913
BS_4-8_manning003_extreme/E01522N3585E03578N2685-BS-M792_E01886N3400_D010_S067D90R090_A004781_S062	20171	9.502	10.267	1.426	1.418	0.0	0.0	11.077
BS_4-8_manning003_extreme/E01267N3753E01646N3535-BS-M792_E01589N3580_D010_S067D90R270_A004781_S062	16052	6.957	9.866	1.201	1.093	-0.01	-0.007	8.057
BS_4-8_manning003_extreme/E01267N3753E01646N3535-BS-M809_E01561N3580_D010_S067D90R270_A006995_S075	20610	8.234	10.271	1.402	1.275	-0.025	-0.019	10.387
BS_4-8_manning003_extreme/E01522N3585E03578N2685-BS-M809_E01905N3355_D010_S067D70R090_A006995_S075	35612	12.1	10.993	1.67	1.801	-0.003	-0.003	14.221
BS_4-8_manning003_extreme/E01470N3877E01631N3641-BS-M809_E01583N3715_D010_S022D90R090_A012497_S042	61008	16.467	11.695	1.966	1.941	0.507	0.812	21.128
BS_4-8_manning003_extreme/E01522N3585E03578N2685-BS-M809_E01798N3512_D010_S247D50R090_A006995_S075	17432	5.131	9.728	0.963	0.803	-0.008	-0.007	6.762
BS_4-8_manning003_extreme/E01267N3753E01646N3535-BS-M809_E01575N3670_D010_S202D70R270_A006995_S075	80410	24.263	12.177	2.416	2.626	0.11	0.246	29.501
BS_4-8_manning003_extreme/E01267N3753E01646N3535-BS-M774_E01592N3602_D010_S067D90R090_A003139_S050	15745	8.347	9.765	1.106	1.14	0.005	0.007	8.645
BS_4-8_manning003_extreme/E01522N3585E03578N2685-BS-M809_E01874N3333_D010_S247D50R090_A006995_S075	21925	7.171	10.264	1.308	1.202	-0.005	-0.005	8.473
BS_4-8_manning003_extreme/E01470N3877E01631N3641-BS-M809_E01587N3737_D010_S157D90R270_A012497_S042	55272	19.706	11.636	2.047	2.057	0.262	0.38	23.888
BS_4-8_manning003_extreme/E01522N3585E03578N2685-BS-M809_E01613N3557_D010_S067D30R090_A006995_S075	24089	8.073	10.355	1.304	1.202	-0.031	-0.029	8.564
BS_4-8_manning003_extreme/E01522N3585E03578N2685-BS-M809_E01692N3535_D010_S067D50R270_A006995_S075	24211	8.111	10.437	1.408	1.356	0.015	0.017	9.03
BS_4-8_manning003_extreme/E01522N3585E03578N2685-BS-M809_E01928N3333_D010_S067D30R090_A006995_S075	19851	7.395	10.187	1.337	1.226	-0.004	-0.004	9.063
BS_4-8_manning003_extreme/E01522N3585E03578N2685-BS-M809_E01708N3467_D010_S247D50R090_A006995_S075	19613	7.189	10.059	1.191	1.042	-0.013	-0.012	8.009
BS_4-8_manning003_extreme/E01522N3585E03578N2685-BS-M809_E01782N3422_D010_S247D50R090_A006995_S075	23346	8.418	10.343	1.33	1.232	-0.009	-0.008	9.115
BS_4-8_manning003_extreme/E01522N3585E03578N2685-BS-M809_E01817N3467_D010_S247D30R090_A006995_S075	19610	6.939	10.009	1.134	0.999	-0.008	-0.007	8.001
BS_4-8_manning003_extreme/E01446N4259E02038N3783-BS-M809_E01822N3917_D010_S292D70R090_A006995_S075	39179	10.711	11.057	1.618	1.575	-0.004	-0.003	11.699
BS_4-8_manning003_extreme/E01522N3585E03578N2685-BS-M774_E01874N3333_D010_S067D70R090_A003139_S050	12469	6.628	9.446	1.015	1.068	-0.001	-0.001	8.336
BS_4-8_manning003_extreme/E01548N3896E01854N3659-BS-M754_E01595N3782_D010_S337D50R090_A003524_S022	5258	3.035	7.84	0.483	0.51	0.001	0.004	4.079
BS_4-8_manning003_extreme/E01522N3585E03578N2685-BS-M809_E01874N3333_D010_S067D50R090_A006995_S075	28813	10.439	10.714	1.561	1.63	-0.005	-0.005	12.513
BS_4-8_manning003_extreme/E01108N3882E01527N3690-BS-M809_E01484N3805_D010_S157D90R270_A012497_S042	8488	2.574	8.43	0.54	0.403	0.062	0.411	3.043
BS_4-8_manning003_extreme/E01267N3753E01646N3535-BS-M809_E01551N3692_D010_S022D70R090_A006995_S075	106366	21.51	12.568	2.701	2.458	0.784	1.571	25.737
BS_4-8_manning003_extreme/E01522N3585E03578N2685-BS-M809_E01857N3535_D010_S247D50R090_A006995_S075	14069	5.1	9.387	0.848	0.72	-0.004	-0.003	7.105
BS_4-8_manning003_extreme/E01267N3753E01646N3535-BS-M792_E01589N3580_D010_S067D90R090_A004781_S062	20268	9.242	10.167	1.284	1.261	0.007	0.01	9.455
BS_4-8_manning003_extreme/E01522N3585E03578N2685-BS-M809_E01762N3467_D010_S067D70R090_A006995_S075	34626	9.408	10.843	1.478	1.469	-0.006	-0.005	9.66
BS_4-8_manning003_extreme/E01522N3585E03578N2685-BS-M792_E01847N3333_D010_S067D30R090_A004781_S062	12919	5.448	9.397	0.933	0.904	-0.003	-0.003	6.485
BS_4-8_manning003_extreme/E01522N3585E03578N2685-BS-M809_E01794N3490_D010_S247D50R090_A006995_S075	21285	7.938	10.151	1.204	1.068	-0.009	-0.008	9.264
BS_4-8_manning003_extreme/E01446N4259E02038N3783-BS-M792_E01822N3917_D010_S112D90R270_A004781_S062	27909	9.898	10.597	1.434	1.409	0.0	0.0	11.059
BS_4-8_manning003_extreme/E01522N3585E03578N2685-BS-M792_E01644N3580_D010_S247D70R090_A004781_S062	18856	6.511	10.036	1.211	1.058	-0.011	-0.01	7.652
BS_4-8_manning003_extreme/E01522N3585E03578N2685-BS-M809_E01882N3378_D010_S067D70R090_A006995_S075	34706	11.412	10.932	1.612	1.694	-0.003	-0.003	12.931
BS_4-8_manning003_extreme/E01522N3585E03578N2685-BS-M809_E01684N3490_D010_S067D50R090_A006995_S075	24432	8.351	10.381	1.32	1.235	-0.016	-0.014	8.931
BS_4-8_manning003_extreme/E01522N3585E03578N2685-BS-M792_E01754N3422_D010_S247D50R090_A004781_S062	12591	5.436	9.255	0.831	0.785	-0.006	-0.006	5.965
BS_4-8_manning003_extreme/E01267N3753E01646N3535-BS-M809_E01572N3647_D010_S067D90R090_A006995_S075	49852	12.274	11.313	1.643	1.691	0.12	0.196	15.614
BS_4-8_manning003_extreme/E01267N3753E01646N3535-BS-M809_E01530N3737_D010_S292D70R090_A006995_S075	75317	21.159	12.196	2.628	2.343	0.508	0.882	26.163
BS_4-8_manning003_extreme/E01522N3585E03578N2685-BS-M809_E01844N3467_D010_S067D30R090_A006995_S075	16463	5.194	9.737	1.028	0.9	-0.007	-0.006	6.186
BS_4-8_manning003_extreme/E01522N3585E03578N2685-BS-M809_E01743N3512_D010_S247D30R090_A006995_S075	21737	6.172	10.098	1.118	0.996	-0.012	-0.011	6.638
BS_4-8_manning003_extreme/E01522N3585E03578N2685-BS-M809_E01832N3400_D010_S067D30R090_A006995_S075	22650	6.932	10.355	1.387	1.263	-0.007	-0.006	8.132
BS_4-8_manning003_extreme/E01522N3585E03578N2685-BS-M809_E01805N3400_D010_S247D50R090_A006995_S075	23921	8.601	10.4	1.373	1.295	-0.008	-0.007	9.479
BS_4-8_manning003_extreme/E01522N3585E03578N2685-BS-M809_E01692N3535_D010_S247D30R090_A006995_S075	23345	6.583	10.205	1.159	1.05	-0.017	-0.016	7.079
BS_4-8_manning003_extreme/E01522N3585E03578N2685-BS-M792_E01859N3400_D010_S247D70R270_A004781_S062	20723	9.934	10.319	1.462	1.472	0.002	0.002	11.304
BS_4-8_manning003_extreme/E01522N3585E03578N2685-BS-M809_E01901N3333_D010_S247D50R090_A006995_S075	21682	7.686	10.238	1.289	1.172	-0.005	-0.005	8.95
BS_4-8_manning003_extreme/E01522N3585E03578N2685-BS-M809_E01790N3467_D010_S247D30R090_A006995_S075	23239	6.805	10.267	1.238	1.12	-0.009	-0.008	7.336
BS_4-8_manning003_extreme/E01267N3753E01646N3535-BS-M809_E01572N3647_D010_S022D70R090_A006995_S075	96288	25.329	12.453	2.658	2.698	0.157	0.295	32.695
BS_4-8_manning003_extreme/E01522N3585E03578N2685-BS-M809_E01932N3355_D010_S067D70R090_A006995_S075	30022	11.358	10.795	1.625	1.745	-0.003	-0.002	13.653
BS_4-8_manning003_extreme/E01522N3585E03578N2685-BS-M809_E01664N3535_D010_S067D50R270_A006995_S075	22238	8.834	10.334	1.383	1.289	0.018	0.019	10.906
BS_4-8_manning003_extreme/E01470N3877E01631N3641-BS-M809_E01579N3692_D010_S157D90R270_A012497_S042	58475	19.357	11.749	2.166	2.009	0.564	0.827	22.242
BS_4-8_manning003_extreme/E01470N3877E01631N3641-BS-M809_E01579N3692_D010_S022D90R090_A012497_S042	61282	17.294	11.701	1.969	1.991	0.422	0.673	21.553
BS_4-8_manning003_extreme/E01522N3585E03578N2685-BS-M809_E01770N3512_D010_S067D30R090_A006995_S075	17221	6.041	9.709	0.956	0.823	-0.011	-0.01	6.27
BS_4-8_manning003_extreme/E01522N3585E03578N2685-BS-M792_E01824N3355_D010_S247D50R090_A004781_S062	14182	6.128	9.528	0.968	0.912	-0.004	-0.004	7.152
BS_4-8_manning003_extreme/E01522N3585E03578N2685-BS-M809_E01739N3490_D010_S247D50R090_A006995_S075	26334	7.63	10.491	1.367	1.276	-0.012	-0.011	8.889
BS_4-8_manning003_extreme/E01522N3585E03578N2685-BS-M809_E01805N3400_D010_S067D50R090_A006995_S075	26901	8.348	10.548	1.416	1.374	-0.008	-0.007	8.857
BS_4-8_manning003_extreme/E01522N3585E03578N2685-BS-M792_E01928N3333_D010_S247D50R090_A004781_S062	14813	5.845	9.632	1.029	0.936	-0.003	-0.002	6.675
BS_4-8_manning003_extreme/E01522N3585E03578N2685-BS-M809_E01909N3378_D010_S247D30R090_A006995_S075	22074	7.433	10.266	1.302	1.175	-0.005	-0.004	8.351
BS_4-8_manning003_extreme/E01522N3585E03578N2685-BS-M809_E01863N3422_D010_S247D30R090_A006995_S075	20717	6.865	10.126	1.206	1.075	-0.006	-0.006	7.85
BS_4-8_manning003_extreme/E01517N3917E01678N3772-BS-M774_E01566N3782_D010_S337D30R090_A005608_S028	8191	3.389	8.501	0.6	0.586	-0.002	0.008	4.404
BS_4-8_manning003_extreme/E01522N3585E03578N2685-BS-M792_E01813N3445_D010_S067D70R270_A004781_S062	15318	6.305	9.775	1.149	1.09	0.003	0.003	7.243
BS_4-8_manning003_extreme/E01522N3585E03578N2685-BS-M809_E01836N3422_D010_S067D70R090_A006995_S075	29809	9.259	10.652	1.418	1.403	-0.004	-0.004	10.34
BS_4-8_manning003_extreme/E01267N3753E01646N3535-BS-M809_E01530N3737_D010_S337D70R090_A006995_S075	113349	24.957	12.722	2.956	2.805	1.1	1.961	28.401
BS_4-8_manning003_extreme/E01522N3585E03578N2685-BS-M809_E02116N3333_D010_S202D50R090_A006995_S075	17024	8.629	9.891	1.161	1.12	-0.003	-0.003	9.57
BS_4-8_manning003_extreme/E01522N3585E03578N2685-BS-M809_E01905N3355_D010_S247D50R090_A006995_S075	26001	8.619	10.544	1.46	1.4	-0.005	-0.005	10.668
BS_4-8_manning003_extreme/E01522N3585E03578N2685-BS-M809_E01859N3400_D010_S067D70R090_A006995_S075	32183	10.46	10.796	1.517	1.544	-0.004	-0.003	11.629
BS_4-8_manning003_extreme/E01470N3877E01631N3641-BS-M809_E01579N3692_D010_S067D90R270_A012497_S042	12781	6.833	9.661	1.228	1.175	-1.145	-0.751	9.231
BS_4-8_manning003_extreme/E01108N3882E01527N3690-BS-M809_E01442N3715_D010_S067D70R270_A012497_S042	22108	5.965	9.978	0.975	0.853	0.385	0.702	6.736
BS_4-8_manning003_extreme/E01446N4259E02038N3783-BS-M809_E01970N3805_D010_S337D70R090_A006995_S075	55727	17.197	11.678	2.117	2.305	-0.005	-0.005	18.965
BS_4-8_manning003_extreme/E01522N3585E03578N2685-BS-M809_E01770N3512_D010_S247D30R090_A006995_S075	17565	5.253	9.766	0.992	0.848	-0.01	-0.009	6.361
BS_4-8_manning003_extreme/E01522N3585E03578N2685-BS-M809_E01684N3490_D010_S247D50R090_A006995_S075	22098	7.48	10.221	1.244	1.12	-0.015	-0.014	8.854
BS_4-8_manning003_extreme/E01522N3585E03578N2685-BS-M809_E01913N3400_D010_S067D70R090_A006995_S075	24863	10.409	10.525	1.498	1.551	-0.003	-0.003	12.123
BS_4-8_manning003_extreme/E01522N3585E03578N2685-BS-M809_E01809N3422_D010_S067D70R090_A006995_S075	31943	9.702	10.755	1.467	1.474	-0.004	-0.004	10.101
BS_4-8_manning003_extreme/E01522N3585E03578N2685-BS-M809_E01644N3580_D010_S022D50R090_A006995_S075	40058	12.624	11.083	1.624	1.747	-0.012	-0.009	15.894
BS_4-8_manning003_extreme/E01267N3753E01646N3535-BS-M809_E01572N3647_D010_S022D90R090_A006995_S075	94804	25.456	12.439	2.662	2.765	0.167	0.313	34.608
BS_4-8_manning003_extreme/E01108N3882E01527N3690-BS-M792_E01477N3760_D010_S292D10R270_A008541_S034	5527	3.114	7.806	0.444	0.462	0.019	0.03	4.148
BS_4-8_manning003_extreme/E01267N3753E01646N3535-BS-M809_E01547N3670_D010_S022D90R090_A006995_S075	94255	22.004	12.422	2.632	2.495	0.623	1.295	25.92
BS_4-8_manning003_extreme/E01522N3585E03578N2685-BS-M809_E01840N3445_D010_S247D30R090_A006995_S075	19492	6.563	10.008	1.139	0.996	-0.007	-0.006	7.389
BS_4-8_manning003_extreme/E01522N3585E03578N2685-BS-M809_E01963N3378_D010_S067D30R090_A006995_S075	15024	6.384	9.666	1.049	1.024	-0.004	-0.004	7.899
BS_4-8_manning003_extreme/E01522N3585E03578N2685-BS-M809_E01715N3512_D010_S067D70R090_A006995_S075	30640	9.046	10.603	1.313	1.269	-0.007	-0.006	9.176
BS_4-8_manning003_extreme/E01522N3585E03578N2685-BS-M792_E01882N3378_D010_S247D70R270_A004781_S062	21923	10.428	10.433	1.549	1.615	0.002	0.002	12.07
BS_4-8_manning003_extreme/E01522N3585E03578N2685-BS-M809_E01798N3512_D010_S247D30R090_A006995_S075	14455	5.008	9.401	0.837	0.737	-0.008	-0.007	6.042
BS_4-8_manning003_extreme/E01522N3585E03578N2685-BS-M792_E01770N3512_D010_S067D70R270_A004781_S062	13842	5.566	9.524	0.989	0.927	0.003	0.003	7.087
BS_4-8_manning003_extreme/E01522N3585E03578N2685-BS-M809_E01805N3400_D010_S247D30R090_A006995_S075	21591	7.006	10.199	1.244	1.117	-0.008	-0.007	7.822
BS_4-8_manning003_extreme/E01522N3585E03578N2685-BS-M809_E01878N3355_D010_S067D30R090_A006995_S075	23459	8.377	10.468	1.499	1.402	-0.005	-0.005	9.786
BS_4-8_manning003_extreme/E01522N3585E03578N2685-BS-M809_E01735N3467_D010_S247D50R090_A006995_S075	22846	7.302	10.285	1.282	1.153	-0.012	-0.011	8.848
BS_4-8_manning003_extreme/E01522N3585E03578N2685-BS-M809_E01798N3512_D010_S067D50R090_A006995_S075	16938	6.256	9.718	0.981	0.879	-0.008	-0.007	7.716
BS_4-8_manning003_extreme/E01522N3585E03578N2685-BS-M809_E01905N3355_D010_S067D50R090_A006995_S075	31514	10.527	10.823	1.591	1.644	-0.005	-0.005	12.317
BS_4-8_manning003_extreme/E01446N4259E02038N3783-BS-M754_E01827N3940_D010_S112D90R270_A001972_S039	11864	6.017	9.306	0.928	0.971	0.0	0.0	7.205
BS_4-8_manning003_extreme/E01522N3585E03578N2685-BS-M774_E01905N3355_D010_S247D30R090_A003139_S050	11391	5.679	9.213	0.88	0.875	-0.002	-0.001	6.503
BS_4-8_manning003_extreme/E01108N3882E01527N3690-BS-M809_E01506N3760_D010_S022D90R090_A012497_S042	429	0.435	4.202	0.153	0.09	-0.831	-0.504	1.133
BS_4-8_manning003_extreme/E01267N3753E01646N3535-BS-M809_E01551N3692_D010_S202D10R270_A006995_S075	13430	7.448	9.854	1.418	1.341	-1.7	-0.33	10.575
BS_4-8_manning003_extreme/E01522N3585E03578N2685-BS-M792_E02089N3333_D010_S022D50R090_A004781_S062	10079	6.429	9.153	0.937	1.017	-0.002	-0.002	7.575
BS_4-8_manning003_extreme/E01267N3753E01646N3535-BS-M809_E01575N3670_D010_S022D90R090_A006995_S075	92522	26.786	12.407	2.644	2.711	0.23	0.435	33.008
BS_4-8_manning003_extreme/E01522N3585E03578N2685-BS-M809_E01828N3378_D010_S067D50R090_A006995_S075	28503	9.713	10.657	1.491	1.49	-0.007	-0.006	10.815
BS_4-8_manning003_extreme/E01267N3753E01646N3535-BS-M809_E01530N3737_D010_S022D10R270_A006995_S075	16253	4.266	9.576	0.886	0.71	-1.544	1.014	5.463
BS_4-8_manning003_extreme/E01522N3585E03578N2685-BS-M809_E01855N3378_D010_S067D30R090_A006995_S075	23284	7.281	10.43	1.454	1.338	-0.006	-0.006	8.346
BS_4-8_manning003_extreme/E01522N3585E03578N2685-BS-M809_E01668N3557_D010_S067D70R270_A006995_S075	21723	7.453	10.327	1.406	1.322	0.005	0.006	9.145
BS_4-8_manning003_extreme/E01522N3585E03578N2685-BS-M809_E01981N3333_D010_S067D50R090_A006995_S075	15942	6.87	9.737	1.062	1.066	-0.004	-0.003	8.61
BS_4-8_manning003_extreme/E01522N3585E03578N2685-BS-M792_E01863N3422_D010_S067D70R270_A004781_S062	14708	6.321	9.709	1.12	1.086	0.002	0.002	7.072
BS_4-8_manning003_extreme/E01522N3585E03578N2685-BS-M809_E01633N3512_D010_S247D50R090_A006995_S075	19419	6.513	10.041	1.182	1.033	-0.019	-0.018	7.346
BS_4-8_manning003_extreme/E01522N3585E03578N2685-BS-M809_E01786N3445_D010_S247D30R090_A006995_S075	24277	7.391	10.361	1.301	1.194	-0.009	-0.008	8.31
BS_4-8_manning003_extreme/E01522N3585E03578N2685-BS-M809_E01719N3535_D010_S247D30R090_A006995_S075	20941	6.246	10.015	1.068	0.943	-0.015	-0.013	6.59
BS_4-8_manning003_extreme/E01522N3585E03578N2685-BS-M774_E01832N3400_D010_S067D30R090_A003139_S050	10181	4.76	8.996	0.793	0.777	-0.002	-0.002	5.699
BS_4-8_manning003_extreme/E01522N3585E03578N2685-BS-M774_E01882N3378_D010_S247D30R090_A003139_S050	11867	5.907	9.276	0.9	0.899	-0.002	-0.002	6.499
BS_4-8_manning003_extreme/E01522N3585E03578N2685-BS-M809_E01719N3535_D010_S022D30R090_A006995_S075	24403	8.527	10.508	1.5	1.415	-0.014	-0.012	10.027
BS_4-8_manning003_extreme/E01522N3585E03578N2685-BS-M809_E01878N3355_D010_S067D50R090_A006995_S075	32597	10.865	10.87	1.613	1.671	-0.006	-0.005	12.493
BS_4-8_manning003_extreme/E01522N3585E03578N2685-BS-M809_E01828N3378_D010_S247D50R090_A006995_S075	25082	8.805	10.489	1.433	1.377	-0.007	-0.006	9.764
BS_4-8_manning003_extreme/E01522N3585E03578N2685-BS-M809_E01918N3422_D010_S247D30R270_A006995_S075	12849	7.545	9.512	1.053	1.09	0.004	0.004	8.991
BS_4-8_manning003_extreme/E01522N3585E03578N2685-BS-M809_E01851N3355_D010_S067D30R090_A006995_S075	21772	7.989	10.347	1.431	1.318	-0.006	-0.006	9.216
BS_4-8_manning003_extreme/E01522N3585E03578N2685-BS-M809_E01581N3535_D010_S247D50R090_A006995_S075	17309	5.768	9.803	1.045	0.929	-0.021	-0.02	7.083
BS_4-8_manning003_extreme/E01470N3877E01631N3641-BS-M809_E01583N3715_D010_S067D90R270_A012497_S042	8297	8.487	9.226	1.225	1.118	-2.031	-1.439	13.543
BS_4-8_manning003_extreme/E01522N3585E03578N2685-BS-M809_E01731N3445_D010_S067D50R090_A006995_S075	22436	7.827	10.273	1.29	1.206	-0.011	-0.011	8.698
BS_4-8_manning003_extreme/E01522N3585E03578N2685-BS-M774_E01828N3378_D010_S067D70R090_A003139_S050	11790	5.825	9.311	0.938	0.957	-0.001	-0.001	7.196
BS_4-8_manning003_extreme/E01522N3585E03578N2685-BS-M809_E01747N3535_D010_S022D50R090_A006995_S075	39564	11.928	11.103	1.678	1.786	-0.012	-0.011	14.626
BS_4-8_manning003_extreme/E01267N3753E01646N3535-BS-M809_E01470N3715_D010_S067D10R270_A006995_S075	9485	7.954	8.995	0.85	0.952	-1.268	-0.192	9.369
BS_4-8_manning003_extreme/E01522N3585E03578N2685-BS-M809_E01747N3535_D010_S067D30R090_A006995_S075	17502	6.704	9.756	0.986	0.885	-0.013	-0.012	6.862
BS_4-8_manning003_extreme/E01522N3585E03578N2685-BS-M774_E01828N3378_D010_S067D30R090_A003139_S050	8952	4.45	8.796	0.738	0.733	-0.002	-0.002	5.347
BS_4-8_manning003_extreme/E01522N3585E03578N2685-BS-M809_E01857N3535_D010_S022D50R090_A006995_S075	54143	15.607	11.571	1.956	2.149	-0.011	-0.01	18.574
BS_4-8_manning003_extreme/E01522N3585E03578N2685-BS-M809_E01762N3467_D010_S247D30R090_A006995_S075	24798	6.825	10.385	1.305	1.201	-0.01	-0.01	7.717
BS_4-8_manning003_extreme/E01522N3585E03578N2685-BS-M809_E01859N3400_D010_S247D30R090_A006995_S075	24271	7.538	10.407	1.363	1.254	-0.006	-0.006	8.659
BS_4-8_manning003_extreme/E01470N3877E01631N3641-BS-M809_E01587N3737_D010_S022D90R090_A012497_S042	60941	15.603	11.686	1.95	1.903	0.59	0.953	21.302
BS_4-8_manning003_extreme/E01522N3585E03578N2685-BS-M792_E01923N3310_D010_S067D50R090_A004781_S062	15910	6.159	9.789	1.121	1.036	-0.003	-0.002	7.444
BS_4-8_manning003_extreme/E01522N3585E03578N2685-BS-M809_E01990N3378_D010_S202D50R090_A006995_S075	15699	9.005	9.697	1.036	1.036	-0.004	-0.004	11.115
BS_4-8_manning003_extreme/E01267N3753E01646N3535-BS-M774_E01592N3602_D010_S067D90R270_A003139_S050	13208	6.109	9.455	0.967	0.946	-0.007	-0.005	7.221
BS_4-8_manning003_extreme/E01446N4259E02038N3783-BS-M809_E01822N3917_D010_S112D90R270_A006995_S075	38758	11.357	11.051	1.625	1.632	0.001	0.001	12.583
BS_4-8_manning003_extreme/E01522N3585E03578N2685-BS-M809_E01613N3557_D010_S067D70R090_A006995_S075	31931	10.106	10.687	1.371	1.361	-0.006	-0.005	10.141
BS_4-8_manning003_extreme/E01267N3753E01646N3535-BS-M792_E01564N3602_D010_S067D90R270_A004781_S062	17067	7.534	9.997	1.287	1.178	-0.022	-0.015	9.301
BS_4-8_manning003_extreme/E01522N3585E03578N2685-BS-M809_E01840N3445_D010_S067D70R090_A006995_S075	25240	8.41	10.406	1.31	1.288	-0.004	-0.004	9.114
BS_4-8_manning003_extreme/E01522N3585E03578N2685-BS-M774_E01664N3535_D010_S067D90R270_A003139_S050	11922	5.289	9.26	0.881	0.89	-0.001	-0.001	6.17
BS_4-8_manning003_extreme/E01522N3585E03578N2685-BS-M792_E01613N3557_D010_S067D70R270_A004781_S062	14503	6.38	9.66	1.081	1.044	0.006	0.006	7.355
BS_4-8_manning003_extreme/E01267N3753E01646N3535-BS-M809_E01540N3625_D010_S067D90R090_A006995_S075	48636	12.435	11.298	1.659	1.712	0.08	0.122	14.836
BS_4-8_manning003_extreme/E01522N3585E03578N2685-BS-M809_E01821N3490_D010_S247D30R090_A006995_S075	16445	4.839	9.639	0.933	0.81	-0.007	-0.007	5.819
BS_4-8_manning003_extreme/E01522N3585E03578N2685-BS-M809_E01909N3378_D010_S067D30R090_A006995_S075	20744	7.579	10.271	1.392	1.269	-0.005	-0.005	8.686
BS_4-8_manning003_extreme/E01522N3585E03578N2685-BS-M809_E01711N3490_D010_S247D50R090_A006995_S075	23923	7.346	10.331	1.282	1.164	-0.014	-0.013	8.646
BS_4-8_manning003_extreme/E01267N3753E01646N3535-BS-M809_E01551N3692_D010_S157D90R270_A006995_S075	113514	26.073	12.711	2.92	2.761	1.378	2.448	27.915
BS_4-8_manning003_extreme/E01522N3585E03578N2685-BS-M809_E01867N3445_D010_S247D30R090_A006995_S075	17218	5.3	9.783	1.03	0.894	-0.006	-0.005	5.797
BS_4-8_manning003_extreme/E01446N4259E02038N3783-BS-M809_E01846N3895_D010_S112D70R270_A006995_S075	38723	11.404	11.046	1.619	1.623	0.003	0.003	12.749
BS_4-8_manning003_extreme/E01522N3585E03578N2685-BS-M809_E01660N3512_D010_S067D30R090_A006995_S075	21994	7.864	10.248	1.283	1.167	-0.021	-0.019	8.405
BS_4-8_manning003_extreme/E01522N3585E03578N2685-BS-M809_E01940N3400_D010_S067D70R090_A006995_S075	21082	9.43	10.313	1.428	1.48	-0.002	-0.002	11.23
BS_4-8_manning003_extreme/E01267N3753E01646N3535-BS-M792_E01592N3602_D010_S067D90R090_A004781_S062	24925	9.334	10.431	1.359	1.326	0.012	0.017	9.796
BS_4-8_manning003_extreme/E01522N3585E03578N2685-BS-M809_E01739N3490_D010_S067D30R090_A006995_S075	22968	6.764	10.276	1.263	1.134	-0.013	-0.012	7.144
BS_4-8_manning003_extreme/E01267N3753E01646N3535-BS-M809_E01568N3625_D010_S067D90R270_A006995_S075	28412	9.368	10.732	1.612	1.584	-0.091	-0.06	11.159
BS_4-8_manning003_extreme/E01267N3753E01646N3535-BS-M809_E01516N3647_D010_S067D90R090_A006995_S075	65510	14.96	11.706	1.852	1.88	0.241	0.417	17.869
BS_4-8_manning003_extreme/E01522N3585E03578N2685-BS-M809_E01754N3422_D010_S067D50R090_A006995_S075	21770	7.489	10.245	1.293	1.228	-0.01	-0.009	8.491
BS_4-8_manning003_extreme/E01446N4259E02038N3783-BS-M809_E01851N3917_D010_S292D70R090_A006995_S075	38151	10.891	11.004	1.576	1.543	-0.003	-0.003	11.869
BS_4-8_manning003_extreme/E01522N3585E03578N2685-BS-M792_E01719N3535_D010_S067D70R270_A004781_S062	15668	6.37	9.8	1.15	1.047	0.004	0.004	8.07
BS_4-8_manning003_extreme/E01548N3896E01854N3659-BS-M754_E01619N3760_D010_S337D50R090_A003524_S022	11108	6.185	9.209	0.899	0.99	-0.003	-0.001	7.625
BS_4-8_manning003_extreme/E01522N3585E03578N2685-BS-M809_E01782N3422_D010_S067D70R090_A006995_S075	29448	9.531	10.66	1.447	1.467	-0.005	-0.005	10.102
BS_4-8_manning003_extreme/E01522N3585E03578N2685-BS-M809_E01747N3535_D010_S022D30R090_A006995_S075	28346	9.279	10.702	1.568	1.551	-0.014	-0.013	11.298
BS_4-8_manning003_extreme/E01522N3585E03578N2685-BS-M809_E01809N3422_D010_S067D30R090_A006995_S075	22871	7.047	10.343	1.357	1.236	-0.008	-0.007	7.989
BS_4-8_manning003_extreme/E01522N3585E03578N2685-BS-M809_E01801N3378_D010_S247D50R090_A006995_S075	20209	7.866	10.143	1.257	1.146	-0.007	-0.007	9.039
BS_4-8_manning003_extreme/E01522N3585E03578N2685-BS-M809_E01857N3535_D010_S202D50R270_A006995_S075	44156	15.74	11.34	1.905	2.195	0.01	0.011	18.545
BS_4-8_manning003_extreme/E01267N3753E01646N3535-BS-M809_E01491N3670_D010_S202D10R270_A006995_S075	35933	4.903	10.649	1.173	0.836	0.022	1.329	5.406
BS_4-8_manning003_extreme/E01522N3585E03578N2685-BS-M809_E01711N3490_D010_S067D30R090_A006995_S075	21092	6.721	10.125	1.183	1.039	-0.015	-0.014	6.924
BS_4-8_manning003_extreme/E01267N3753E01646N3535-BS-M809_E01592N3602_D010_S067D10R090_A006995_S075	14248	5.794	9.549	0.985	0.876	-0.027	-0.023	6.725
BS_4-8_manning003_extreme/E01522N3585E03578N2685-BS-M809_E01832N3400_D010_S067D70R090_A006995_S075	33207	10.463	10.835	1.528	1.562	-0.004	-0.004	11.473
BS_4-8_manning003_extreme/E01522N3585E03578N2685-BS-M809_E01715N3512_D010_S067D30R090_A006995_S075	22749	6.877	10.214	1.199	1.07	-0.016	-0.014	7.172
BS_4-8_manning003_extreme/E01522N3585E03578N2685-BS-M809_E02272N3310_D010_S022D30R090_A006995_S075	14225	5.011	9.536	0.974	0.863	-0.002	-0.002	6.6
BS_4-8_manning003_extreme/E01522N3585E03578N2685-BS-M809_E01855N3378_D010_S067D70R090_A006995_S075	35590	11.548	10.961	1.619	1.706	-0.004	-0.003	13.102
BS_4-8_manning003_extreme/E01522N3585E03578N2685-BS-M792_E01747N3535_D010_S067D30R090_A004781_S062	11328	4.422	9.057	0.758	0.691	-0.008	-0.007	5.424
BS_4-8_manning003_extreme/E01522N3585E03578N2685-BS-M809_E01882N3378_D010_S067D50R090_A006995_S075	30778	10.184	10.77	1.546	1.559	-0.006	-0.005	11.528
BS_4-8_manning003_extreme/E01522N3585E03578N2685-BS-M809_E01688N3512_D010_S067D70R090_A006995_S075	31071	9.193	10.655	1.364	1.339	-0.007	-0.007	9.574
BS_4-8_manning003_extreme/E01522N3585E03578N2685-BS-M809_E01719N3535_D010_S067D30R090_A006995_S075	21210	7.608	10.109	1.158	1.043	-0.016	-0.014	8.075
BS_4-8_manning003_extreme/E01522N3585E03578N2685-BS-M774_E01805N3400_D010_S067D70R090_A003139_S050	11295	5.12	9.214	0.889	0.9	-0.002	-0.001	6.46
BS_4-8_manning003_extreme/E01522N3585E03578N2685-BS-M809_E01959N3355_D010_S247D50R090_A006995_S075	17841	6.535	9.9	1.117	1.016	-0.004	-0.004	7.256
BS_4-8_manning003_extreme/E01267N3753E01646N3535-BS-M809_E01470N3715_D144_S067D10R270_A006995_S075	4289	3.574	7.806	0.572	0.586	-1.45	-0.971	5.254
BS_4-8_manning003_extreme/E01522N3585E03578N2685-BS-M809_E01801N3378_D010_S067D50R090_A006995_S075	22393	8.279	10.325	1.362	1.307	-0.008	-0.007	9.206
BS_4-8_manning003_extreme/E01267N3753E01646N3535-BS-M809_E01575N3670_D010_S022D70R090_A006995_S075	92576	24.311	12.393	2.604	2.558	0.217	0.408	29.653
BS_4-8_manning003_extreme/E01522N3585E03578N2685-BS-M809_E01820N3333_D010_S067D50R090_A006995_S075	19344	8.262	10.097	1.255	1.256	-0.006	-0.006	10.346
BS_4-8_manning003_extreme/E01446N4259E02038N3783-BS-M792_E01846N3895_D010_S112D90R270_A004781_S062	31593	10.278	10.77	1.506	1.493	0.0	0.0	11.729
BS_4-8_manning003_extreme/E01522N3585E03578N2685-BS-M809_E01821N3490_D010_S067D30R090_A006995_S075	16066	5.228	9.635	0.952	0.818	-0.008	-0.007	5.927
BS_4-8_manning003_extreme/E01522N3585E03578N2685-BS-M809_E01719N3535_D010_S067D50R270_A006995_S075	22587	7.424	10.306	1.325	1.244	0.013	0.014	9.338
BS_4-8_manning003_extreme/E01522N3585E03578N2685-BS-M809_E01692N3535_D010_S067D70R270_A006995_S075	22480	8.369	10.395	1.455	1.368	0.006	0.007	9.412
BS_4-8_manning003_extreme/E01522N3585E03578N2685-BS-M809_E01836N3422_D010_S067D30R090_A006995_S075	21190	6.58	10.234	1.313	1.168	-0.007	-0.007	7.417
BS_4-8_manning003_extreme/E01522N3585E03578N2685-BS-M792_E01840N3445_D010_S067D70R270_A004781_S062	14475	6.772	9.65	1.073	1.037	0.002	0.002	7.497
BS_4-8_manning003_extreme/E01446N4259E02038N3783-BS-M809_E01946N3827_D010_S157D90R270_A006995_S075	41963	15.586	11.294	1.914	2.117	0.0	0.0	16.371
BS_4-8_manning003_extreme/E01522N3585E03578N2685-BS-M809_E01901N3333_D010_S067D50R090_A006995_S075	29762	10.389	10.744	1.557	1.623	-0.005	-0.005	12.508
BS_4-8_manning003_extreme/E01522N3585E03578N2685-BS-M809_E01743N3512_D010_S067D70R090_A006995_S075	26749	8.54	10.409	1.24	1.197	-0.006	-0.005	8.705
BS_4-8_manning003_extreme/E01522N3585E03578N2685-BS-M809_E01633N3512_D010_S067D30R090_A006995_S075	18038	7.462	9.957	1.17	1.058	-0.022	-0.021	7.841
BS_4-8_manning003_extreme/E01522N3585E03578N2685-BS-M809_E01813N3445_D010_S247D30R090_A006995_S075	22816	6.611	10.255	1.246	1.118	-0.008	-0.007	7.259
BS_4-8_manning003_extreme/E01522N3585E03578N2685-BS-M809_E01872N3467_D010_S067D30R090_A006995_S075	13895	5.215	9.472	0.935	0.856	-0.006	-0.005	5.993
BS_4-8_manning003_extreme/E01522N3585E03578N2685-BS-M774_E01824N3355_D010_S067D50R090_A003139_S050	8972	4.497	8.831	0.762	0.774	-0.002	-0.002	5.446
BS_4-8_manning003_extreme/E01267N3753E01646N3535-BS-M809_E01568N3625_D010_S067D90R090_A006995_S075	45234	11.494	11.182	1.588	1.613	0.06	0.091	14.259
BS_4-8_manning003_extreme/E01522N3585E03578N2685-BS-M809_E01581N3535_D010_S067D50R090_A006995_S075	18663	8.305	9.988	1.166	1.197	-0.022	-0.021	9.27
BS_4-8_manning003_extreme/E01267N3753E01646N3535-BS-M809_E01544N3647_D010_S202D70R270_A006995_S075	86266	23.917	12.307	2.565	2.605	0.246	0.669	29.106
BS_4-8_manning003_extreme/E01522N3585E03578N2685-BS-M809_E01668N3557_D010_S067D30R090_A006995_S075	22447	7.678	10.145	1.135	1.031	-0.024	-0.022	8.109
BS_4-8_manning003_extreme/E01522N3585E03578N2685-BS-M809_E01950N3310_D010_S067D50R090_A006995_S075	20376	7.424	10.135	1.237	1.126	-0.004	-0.004	8.338
BS_4-8_manning003_extreme/E01522N3585E03578N2685-BS-M809_E01633N3512_D010_S067D50R090_A006995_S075	23113	9.017	10.322	1.315	1.283	-0.019	-0.018	9.715
BS_4-8_manning003_extreme/E01522N3585E03578N2685-BS-M774_E01664N3535_D010_S067D70R270_A003139_S050	11113	5.171	9.18	0.873	0.897	0.004	0.004	6.415
BS_4-8_manning003_extreme/E01267N3753E01646N3535-BS-M809_E01547N3670_D010_S067D90R090_A006995_S075	76108	17.154	11.94	2.014	1.963	0.414	0.76	18.151
BS_4-8_manning003_extreme/E01522N3585E03578N2685-BS-M809_E01613N3557_D010_S247D30R090_A006995_S075	24071	7.414	10.334	1.278	1.165	-0.026	-0.024	7.685
BS_4-8_manning003_extreme/E01522N3585E03578N2685-BS-M809_E01813N3445_D010_S067D30R090_A006995_S075	21520	6.454	10.245	1.308	1.164	-0.008	-0.007	7.341
BS_4-8_manning003_extreme/E01577N3897E01966N3571-BS-M754_E01941N3805_D010_S337D50R090_A003524_S022	9061	4.727	8.828	0.753	0.765	-0.002	-0.001	5.26
BS_4-8_manning003_extreme/E01522N3585E03578N2685-BS-M792_E01636N3535_D010_S067D50R270_A004781_S062	13797	5.863	9.498	0.967	0.963	0.013	0.014	7.068
BS_4-8_manning003_extreme/E01267N3753E01646N3535-BS-M809_E01564N3602_D010_S067D70R090_A006995_S075	43085	12.128	11.11	1.551	1.569	0.016	0.031	12.513
BS_4-8_manning003_extreme/E01522N3585E03578N2685-BS-M809_E01946N3288_D010_S067D50R090_A006995_S075	23057	8.059	10.313	1.307	1.219	-0.004	-0.004	8.66
