id	count	dmax	logsum	mean	sd	dzmin	dzmax	hmax
BS_4-8_manning003_extreme/E01522N3585E03578N2685-BS-M809_E01719N3535_D010_S067D70R090_A006995_S075	108402	11.398	11.652	1.06	1.092	-0.006	-0.006	13.26
BS_4-8_manning003_extreme/E01470N3877E01631N3641-BS-M809_E01559N3737_D010_S067D90R090_A012497_S042	307677	13.806	13.114	1.611	1.128	0.845	1.699	14.165
BS_4-8_manning003_extreme/E00979N4372E01586N3827-BS-M809_E01517N3827_D010_S157D70R090_A006995_S075	172886	8.352	12.276	1.241	1.192	-0.323	-0.067	8.666
BS_4-8_manning003_extreme/E01522N3585E03578N2685-BS-M809_E01882N3378_D010_S067D30R090_A006995_S075	77919	9.878	11.26	0.997	1.061	-0.005	-0.005	11.858
BS_4-8_manning003_extreme/E01522N3585E03578N2685-BS-M809_E01758N3445_D010_S067D50R090_A006995_S075	90116	9.618	11.454	1.046	1.075	-0.009	-0.008	11.283
BS_4-8_manning003_extreme/E01267N3753E01646N3535-BS-M809_E01547N3670_D010_S022D70R090_A006995_S075	242967	19.867	12.793	1.48	1.4	0.123	0.272	21.132
BS_4-8_manning003_extreme/E01522N3585E03578N2685-BS-M792_E01794N3490_D010_S067D30R090_A004781_S062	25352	4.586	10.087	0.947	0.872	-0.005	-0.004	6.379
BS_4-8_manning003_extreme/E01522N3585E03578N2685-BS-M809_E01739N3490_D010_S247D30R090_A006995_S075	81828	6.921	11.307	0.995	1.003	-0.01	-0.01	7.598
BS_4-8_manning003_extreme/E01522N3585E03578N2685-BS-M809_E01859N3400_D010_S067D30R090_A006995_S075	75321	8.398	11.207	0.978	1.028	-0.005	-0.005	11.117
BS_4-8_manning003_extreme/E01522N3585E03578N2685-BS-M809_E01640N3557_D010_S067D70R270_A006995_S075	82345	10.489	11.329	1.011	1.043	0.007	0.008	13.326
BS_4-8_manning003_extreme/E01522N3585E03578N2685-BS-M792_E01844N3467_D010_S067D70R270_A004781_S062	33334	5.93	10.344	0.932	0.951	0.002	0.002	7.289
BS_4-8_manning003_extreme/E01522N3585E03578N2685-BS-M809_E01824N3355_D010_S067D30R090_A006995_S075	55436	8.396	10.848	0.928	1.014	-0.006	-0.005	11.196
BS_4-8_manning003_extreme/E01522N3585E03578N2685-BS-M809_E01762N3467_D010_S067D50R090_A006995_S075	108892	9.737	11.694	1.1	1.089	-0.009	-0.008	11.342
BS_4-8_manning003_extreme/E01267N3753E01646N3535-BS-M809_E01589N3580_D010_S067D70R090_A006995_S075	90269	15.051	11.436	1.025	1.187	-0.008	-0.006	16.764
BS_4-8_manning003_extreme/E01548N3896E01854N3659-BS-M732_E01591N3760_D010_S337D30R090_A002108_S017	16928	3.045	9.628	0.897	0.764	-0.009	-0.007	3.777
BS_4-8_manning003_extreme/E01522N3585E03578N2685-BS-M809_E01688N3512_D010_S067D30R090_A006995_S075	68280	7.7	11.078	0.948	1.008	-0.015	-0.013	10.135
BS_4-8_manning003_extreme/E01522N3585E03578N2685-BS-M809_E01790N3467_D010_S067D30R090_A006995_S075	76640	7.267	11.218	0.972	1.007	-0.008	-0.008	8.514
BS_4-8_manning003_extreme/E01108N3882E01527N3690-BS-M809_E01445N3737_D010_S067D90R270_A012497_S042	273946	8.625	12.809	1.334	1.117	0.937	1.865	9.202
BS_4-8_manning003_extreme/E01522N3585E03578N2685-BS-M809_E01851N3355_D010_S067D70R090_A006995_S075	96341	14.954	11.574	1.104	1.207	-0.003	-0.003	16.475
BS_4-8_manning003_extreme/E01522N3585E03578N2685-BS-M809_E01786N3445_D010_S067D30R090_A006995_S075	76217	7.636	11.218	0.977	1.015	-0.008	-0.007	8.476
BS_4-8_manning003_extreme/E01522N3585E03578N2685-BS-M809_E01758N3445_D010_S247D50R090_A006995_S075	78266	5.606	11.235	0.968	0.991	-0.009	-0.008	6.943
BS_4-8_manning003_extreme/E01522N3585E03578N2685-BS-M809_E01886N3400_D010_S067D70R090_A006995_S075	98485	14.188	11.592	1.099	1.186	-0.003	-0.003	15.799
BS_4-8_manning003_extreme/E01522N3585E03578N2685-BS-M809_E01766N3490_D010_S067D30R090_A006995_S075	75629	7.825	11.177	0.945	0.996	-0.009	-0.009	9.71
BS_4-8_manning003_extreme/E01522N3585E03578N2685-BS-M809_E01790N3467_D010_S067D70R090_A006995_S075	106370	10.807	11.648	1.076	1.089	-0.004	-0.004	12.814
BS_4-8_manning003_extreme/E01522N3585E03578N2685-BS-M809_E01778N3400_D010_S247D50R090_A006995_S075	52900	4.65	10.819	0.944	0.949	-0.007	-0.007	5.063
BS_4-8_manning003_extreme/E01267N3753E01646N3535-BS-M809_E01575N3670_D010_S157D90R270_A006995_S075	200329	8.359	12.362	1.167	1.071	0.249	0.782	10.908
BS_4-8_manning003_extreme/E01522N3585E03578N2685-BS-M809_E01609N3535_D010_S247D50R090_A006995_S075	62096	5.348	10.972	0.938	0.972	-0.018	-0.017	5.958
BS_4-8_manning003_extreme/E01470N3877E01631N3641-BS-M809_E01583N3715_D010_S157D90R270_A012497_S042	320502	12.845	13.184	1.66	1.306	0.356	0.548	13.778
BS_4-8_manning003_extreme/E01522N3585E03578N2685-BS-M809_E01855N3378_D010_S247D30R090_A006995_S075	67624	6.254	11.081	0.96	0.978	-0.005	-0.005	6.534
BS_4-8_manning003_extreme/E01522N3585E03578N2685-BS-M774_E01832N3400_D010_S247D30R090_A003139_S050	15940	3.472	9.575	0.904	0.755	-0.002	-0.002	4.653
BS_4-8_manning003_extreme/E01522N3585E03578N2685-BS-M809_E01640N3557_D010_S067D30R090_A006995_S075	74648	8.812	11.16	0.941	1.013	-0.022	-0.019	11.342
BS_4-8_manning003_extreme/E01267N3753E01646N3535-BS-M809_E01575N3670_D010_S112D10R090_A006995_S075	19048	3.356	9.735	0.887	0.713	-0.032	-0.007	3.714
BS_4-8_manning003_extreme/E01267N3753E01646N3535-BS-M809_E01561N3580_D010_S067D90R090_A006995_S075	63825	15.505	11.035	0.971	1.238	0.007	0.011	17.244
BS_4-8_manning003_extreme/E01522N3585E03578N2685-BS-M792_E01708N3467_D010_S247D50R090_A004781_S062	21993	3.432	9.95	0.953	0.826	-0.007	-0.006	4.266
BS_4-8_manning003_extreme/E01446N4259E02038N3783-BS-M809_E01970N3805_D010_S157D90R270_A006995_S075	130341	19.056	11.966	1.206	1.268	0.0	0.0	20.477
BS_4-8_manning003_extreme/E01522N3585E03578N2685-BS-M809_E01684N3490_D010_S067D30R090_A006995_S075	43861	7.139	10.648	0.96	0.987	-0.014	-0.012	9.629
BS_4-8_manning003_extreme/E01470N3877E01631N3641-BS-M809_E01559N3737_D010_S022D90R090_A012497_S042	267725	14.415	12.864	1.442	1.302	0.476	0.794	15.791
BS_4-8_manning003_extreme/E01470N3877E01631N3641-BS-M809_E01603N3670_D010_S337D70R090_A012497_S042	95626	5.961	11.409	0.943	0.997	0.175	0.295	7.457
BS_4-8_manning003_extreme/E01522N3585E03578N2685-BS-M809_E01855N3378_D010_S067D50R090_A006995_S075	109747	13.911	11.749	1.154	1.192	-0.006	-0.005	15.259
BS_4-8_manning003_extreme/E01470N3877E01631N3641-BS-M809_E01603N3670_D010_S022D70R090_A012497_S042	166920	15.608	12.251	1.253	1.219	0.061	0.1	17.112
BS_4-8_manning003_extreme/E01522N3585E03578N2685-BS-M792_E01867N3445_D010_S067D70R270_A004781_S062	30938	5.879	10.278	0.94	0.954	0.002	0.002	7.238
BS_4-8_manning003_extreme/E01267N3753E01646N3535-BS-M809_E01547N3670_D010_S202D70R270_A006995_S075	201914	18.147	12.51	1.343	1.325	0.052	0.146	19.66
BS_4-8_manning003_extreme/E01522N3585E03578N2685-BS-M809_E01878N3355_D010_S067D70R090_A006995_S075	107039	15.502	11.743	1.176	1.239	-0.003	-0.003	17.043
BS_4-8_manning003_extreme/E01522N3585E03578N2685-BS-M809_E01660N3512_D010_S067D50R090_A006995_S075	80713	11.217	11.296	0.998	1.103	-0.015	-0.014	12.933
BS_4-8_manning003_extreme/E01522N3585E03578N2685-BS-M809_E01817N3467_D010_S067D30R090_A006995_S075	65523	6.763	11.006	0.919	0.979	-0.007	-0.007	8.166
BS_4-8_manning003_extreme/E01267N3753E01646N3535-BS-M809_E01592N3602_D010_S022D70R090_A006995_S075	37792	6.136	10.508	0.968	0.956	0.01	0.017	7.741
BS_4-8_manning003_extreme/E01267N3753E01646N3535-BS-M809_E01575N3670_D010_S157D90R090_A006995_S075	58347	5.664	10.857	0.89	0.953	-0.782	-0.249	8.004
BS_4-8_manning003_extreme/E01522N3585E03578N2685-BS-M809_E01977N3310_D010_S067D50R090_A006995_S075	52902	6.377	10.837	0.962	0.994	-0.003	-0.003	6.957
BS_4-8_manning003_extreme/E01522N3585E03578N2685-BS-M809_E01851N3355_D010_S067D50R090_A006995_S075	95414	13.191	11.557	1.095	1.162	-0.005	-0.005	14.622
BS_4-8_manning003_extreme/E01522N3585E03578N2685-BS-M809_E01664N3535_D010_S067D30R090_A006995_S075	67529	8.658	11.043	0.926	1.008	-0.018	-0.016	11.283
BS_4-8_manning003_extreme/E01522N3585E03578N2685-BS-M809_E01636N3535_D010_S247D50R090_A006995_S075	88179	6.64	11.395	1.007	1.009	-0.017	-0.016	7.561
BS_4-8_manning003_extreme/E01522N3585E03578N2685-BS-M809_E01828N3378_D010_S067D70R090_A006995_S075	95589	15.003	11.549	1.085	1.2	-0.004	-0.003	16.48
BS_4-8_manning003_extreme/E01522N3585E03578N2685-BS-M792_E01905N3355_D010_S067D70R270_A004781_S062	31993	6.939	10.313	0.942	1.037	0.002	0.002	8.535
BS_4-8_manning003_extreme/E01522N3585E03578N2685-BS-M809_E01786N3445_D010_S067D70R090_A006995_S075	100986	11.302	11.592	1.072	1.108	-0.004	-0.004	13.69
BS_4-8_manning003_extreme/E01522N3585E03578N2685-BS-M792_E01798N3512_D010_S067D30R090_A004781_S062	23000	4.284	10.001	0.959	0.848	-0.005	-0.004	4.806
BS_4-8_manning003_extreme/E01522N3585E03578N2685-BS-M809_E01919N3288_D010_S067D50R090_A006995_S075	65431	7.22	11.063	0.974	1.022	-0.004	-0.004	7.999
BS_4-8_manning003_extreme/E01522N3585E03578N2685-BS-M809_E01688N3512_D010_S067D50R090_A006995_S075	97291	10.409	11.528	1.043	1.079	-0.014	-0.013	12.106
BS_4-8_manning003_extreme/E01522N3585E03578N2685-BS-M792_E01859N3400_D010_S067D70R270_A004781_S062	38587	7.07	10.483	0.925	1.041	0.002	0.002	8.556
BS_4-8_manning003_extreme/E01522N3585E03578N2685-BS-M809_E01959N3355_D010_S067D30R090_A006995_S075	49120	6.752	10.721	0.922	0.982	-0.004	-0.003	8.602
BS_4-8_manning003_extreme/E01522N3585E03578N2685-BS-M792_E01692N3535_D010_S067D70R270_A004781_S062	44512	7.443	10.591	0.893	0.994	0.004	0.005	9.751
BS_4-8_manning003_extreme/E01446N4259E02038N3783-BS-M809_E01875N3895_D010_S112D90R270_A006995_S075	101002	13.081	11.584	1.063	1.141	0.001	0.001	14.762
BS_4-8_manning003_extreme/E01522N3585E03578N2685-BS-M809_E01668N3557_D010_S247D30R090_A006995_S075	94903	7.912	11.499	1.039	1.033	-0.017	-0.016	8.674
BS_4-8_manning003_extreme/E01522N3585E03578N2685-BS-M792_E01909N3378_D010_S067D90R090_A004781_S062	55439	12.099	10.864	0.943	1.123	0.0	0.0	13.658
BS_4-8_manning003_extreme/E01267N3753E01646N3535-BS-M809_E01564N3602_D010_S067D90R090_A006995_S075	95247	17.461	11.502	1.038	1.229	0.01	0.017	19.288
BS_4-8_manning003_extreme/E01522N3585E03578N2685-BS-M792_E01747N3535_D010_S067D70R270_A004781_S062	42232	5.665	10.576	0.928	0.951	0.003	0.003	6.703
BS_4-8_manning003_extreme/E01522N3585E03578N2685-BS-M792_E01882N3378_D010_S067D90R090_A004781_S062	62715	13.527	11.026	0.98	1.176	0.0	0.0	15.219
BS_4-8_manning003_extreme/E01446N4259E02038N3783-BS-M809_E01899N3872_D010_S112D90R270_A006995_S075	71468	11.569	11.117	0.942	1.084	0.0	0.001	13.127
BS_4-8_manning003_extreme/E01522N3585E03578N2685-BS-M809_E01851N3355_D010_S247D50R090_A006995_S075	66383	5.245	11.05	0.948	0.973	-0.005	-0.005	7.746
BS_4-8_manning003_extreme/E01522N3585E03578N2685-BS-M809_E01878N3355_D010_S247D50R090_A006995_S075	73641	7.335	11.169	0.963	0.996	-0.005	-0.005	9.872
BS_4-8_manning003_extreme/E01522N3585E03578N2685-BS-M774_E01859N3400_D010_S067D30R090_A003139_S050	22218	4.592	9.903	0.9	0.878	-0.002	-0.002	6.808
BS_4-8_manning003_extreme/E01522N3585E03578N2685-BS-M809_E01853N3512_D010_S067D50R090_A006995_S075	41165	7.172	10.592	0.967	0.938	-0.006	-0.005	10.387
BS_4-8_manning003_extreme/E01522N3585E03578N2685-BS-M809_E01836N3422_D010_S247D30R090_A006995_S075	76216	6.404	11.219	0.978	0.992	-0.006	-0.006	7.3
BS_4-8_manning003_extreme/E00979N4372E01586N3827-BS-M809_E01517N3827_D010_S157D70R270_A006995_S075	243117	14.054	12.716	1.37	1.277	0.067	0.323	15.461
BS_4-8_manning003_extreme/E01522N3585E03578N2685-BS-M809_E01932N3355_D010_S247D50R090_A006995_S075	58876	5.473	10.929	0.947	0.964	-0.004	-0.004	6.805
BS_4-8_manning003_extreme/E01522N3585E03578N2685-BS-M809_E01847N3333_D010_S067D50R090_A006995_S075	76916	10.522	11.279	1.029	1.083	-0.005	-0.005	11.992
BS_4-8_manning003_extreme/E01522N3585E03578N2685-BS-M792_E01778N3400_D010_S247D50R090_A004781_S062	22903	3.476	9.992	0.954	0.831	-0.004	-0.004	4.307
BS_4-8_manning003_extreme/E01522N3585E03578N2685-BS-M809_E01973N3288_D010_S067D50R090_A006995_S075	81938	8.283	11.341	1.028	1.066	-0.003	-0.003	9.126
BS_4-8_manning003_extreme/E01522N3585E03578N2685-BS-M809_E01731N3445_D010_S247D50R090_A006995_S075	56174	4.855	10.878	0.944	0.966	-0.01	-0.009	5.566
BS_4-8_manning003_extreme/E01522N3585E03578N2685-BS-M792_E01905N3355_D010_S247D70R270_A004781_S062	46677	9.762	10.667	0.92	1.077	0.002	0.002	11.876
BS_4-8_manning003_extreme/E01522N3585E03578N2685-BS-M774_E01801N3378_D010_S067D50R090_A003139_S050	17194	4.783	9.641	0.895	0.817	-0.002	-0.002	7.027
BS_4-8_manning003_extreme/E01267N3753E01646N3535-BS-M792_E01551N3692_D125_S292D10R270_A004781_S062	40947	5.104	10.414	0.814	0.92	-1.028	-0.278	6.705
BS_4-8_manning003_extreme/E01522N3585E03578N2685-BS-M792_E01731N3445_D010_S247D50R090_A004781_S062	22415	3.423	9.975	0.959	0.838	-0.006	-0.005	4.547
BS_4-8_manning003_extreme/E01522N3585E03578N2685-BS-M774_E01882N3378_D010_S247D70R270_A003139_S050	24297	9.025	10.076	0.978	1.023	0.001	0.001	11.461
BS_4-8_manning003_extreme/E01522N3585E03578N2685-BS-M809_E01794N3490_D010_S247D30R090_A006995_S075	74971	6.706	11.19	0.966	0.992	-0.008	-0.007	7.432
BS_4-8_manning003_extreme/E01267N3753E01646N3535-BS-M809_E01519N3670_D010_S337D10R270_A006995_S075	4416	1.455	7.509	0.413	0.358	-1.647	0.304	2.965
BS_4-8_manning003_extreme/E01267N3753E01646N3535-BS-M809_E01575N3670_D010_S112D90R090_A006995_S075	112383	6.3	11.559	0.932	0.981	0.136	0.422	6.816
BS_4-8_manning003_extreme/E01522N3585E03578N2685-BS-M809_E01660N3512_D010_S247D50R090_A006995_S075	72436	5.897	11.132	0.943	0.988	-0.015	-0.014	7.001
BS_4-8_manning003_extreme/E01522N3585E03578N2685-BS-M809_E01909N3378_D010_S067D70R090_A006995_S075	98445	15.019	11.609	1.118	1.213	-0.003	-0.003	16.555
BS_4-8_manning003_extreme/E01522N3585E03578N2685-BS-M809_E01825N3512_D010_S247D50R090_A006995_S075	54513	5.432	10.835	0.932	0.949	-0.006	-0.006	5.967
BS_4-8_manning003_extreme/E01267N3753E01646N3535-BS-M809_E01575N3670_D010_S022D10R270_A006995_S075	69721	9.762	11.122	0.97	1.078	0.026	0.035	10.914
BS_4-8_manning003_extreme/E01108N3882E01527N3690-BS-M809_E01509N3782_D010_S112D90R270_A012497_S042	296438	9.945	13.014	1.513	1.187	0.427	0.886	11.33
BS_4-8_manning003_extreme/E01522N3585E03578N2685-BS-M809_E01747N3535_D010_S247D30R090_A006995_S075	71358	6.492	11.117	0.943	0.978	-0.011	-0.01	6.912
BS_4-8_manning003_extreme/E01522N3585E03578N2685-BS-M809_E01644N3580_D010_S067D70R270_A006995_S075	102281	10.876	11.633	1.103	1.08	0.006	0.007	13.331
BS_4-8_manning003_extreme/E01522N3585E03578N2685-BS-M809_E01828N3378_D010_S067D30R090_A006995_S075	68874	8.907	11.108	0.969	1.04	-0.006	-0.005	11.417
BS_4-8_manning003_extreme/E01267N3753E01646N3535-BS-M809_E01519N3670_D010_S067D90R090_A006995_S075	179119	17.76	12.333	1.268	1.236	0.089	0.21	19.346
BS_4-8_manning003_extreme/E01108N3882E01527N3690-BS-M809_E01442N3715_D010_S067D70R090_A012497_S042	41030	9.734	10.658	1.036	1.179	-2.526	1.428	9.614
BS_4-8_manning003_extreme/E01522N3585E03578N2685-BS-M774_E01855N3378_D010_S247D30R090_A003139_S050	16308	4.006	9.601	0.906	0.768	-0.002	-0.002	5.187
BS_4-8_manning003_extreme/E01522N3585E03578N2685-BS-M809_E01664N3535_D010_S247D30R090_A006995_S075	79613	6.607	11.267	0.983	1.002	-0.017	-0.015	7.545
BS_4-8_manning003_extreme/E01522N3585E03578N2685-BS-M792_E01636N3535_D010_S067D70R270_A004781_S062	24872	4.708	10.082	0.961	0.887	0.005	0.006	5.515
BS_4-8_manning003_extreme/E01522N3585E03578N2685-BS-M809_E01758N3445_D010_S067D30R090_A006995_S075	66396	7.149	11.059	0.957	1.014	-0.009	-0.008	8.093
BS_4-8_manning003_extreme/E01522N3585E03578N2685-BS-M809_E01874N3333_D010_S067D50R270_A006995_S075	57483	7.477	10.893	0.936	1.028	0.005	0.005	8.9
BS_4-8_manning003_extreme/E01522N3585E03578N2685-BS-M809_E01805N3400_D010_S067D30R090_A006995_S075	66044	7.492	11.053	0.956	1.014	-0.007	-0.006	9.78
BS_4-8_manning003_extreme/E01548N3896E01854N3659-BS-M754_E01619N3760_D010_S337D30R090_A003524_S022	26232	4.145	10.118	0.945	0.859	-0.011	-0.009	5.571
BS_4-8_manning003_extreme/E01522N3585E03578N2685-BS-M809_E01794N3490_D010_S067D70R090_A006995_S075	96088	10.464	11.484	1.011	1.05	-0.004	-0.004	12.326
BS_4-8_manning003_extreme/E01108N3882E01527N3690-BS-M809_E01442N3715_D010_S247D70R270_A012497_S042	384838	14.88	13.6	2.095	1.293	1.276	2.392	14.553
BS_4-8_manning003_extreme/E01522N3585E03578N2685-BS-M809_E01853N3512_D010_S247D50R090_A006995_S075	50342	4.705	10.766	0.941	0.939	-0.005	-0.005	5.082
BS_4-8_manning003_extreme/E01522N3585E03578N2685-BS-M809_E01692N3535_D010_S067D30R090_A006995_S075	76662	9.078	11.176	0.932	1.014	-0.016	-0.014	11.489
BS_4-8_manning003_extreme/E01522N3585E03578N2685-BS-M792_E01824N3355_D010_S067D30R090_A004781_S062	28321	5.83	10.148	0.902	0.918	-0.003	-0.003	8.123
BS_4-8_manning003_extreme/E01522N3585E03578N2685-BS-M809_E01719N3535_D010_S067D70R270_A006995_S075	106257	9.378	11.709	1.145	1.062	0.006	0.006	12.376
BS_4-8_manning003_extreme/E01522N3585E03578N2685-BS-M809_E01743N3512_D010_S067D30R090_A006995_S075	76769	8.074	11.194	0.947	1.003	-0.011	-0.01	10.098
BS_4-8_manning003_extreme/E01522N3585E03578N2685-BS-M809_E01867N3445_D010_S067D70R090_A006995_S075	75793	9.75	11.198	0.963	1.047	-0.003	-0.003	11.696
BS_4-8_manning003_extreme/E01522N3585E03578N2685-BS-M809_E01825N3512_D010_S067D50R090_A006995_S075	52854	6.239	10.812	0.938	0.947	-0.007	-0.006	7.291
BS_4-8_manning003_extreme/E01522N3585E03578N2685-BS-M809_E01932N3355_D010_S067D30R090_A006995_S075	67240	8.404	11.097	0.981	1.028	-0.004	-0.004	10.506
BS_4-8_manning003_extreme/E01522N3585E03578N2685-BS-M809_E01644N3580_D010_S067D30R090_A006995_S075	85650	9.377	11.328	0.97	1.026	-0.024	-0.021	11.675
BS_4-8_manning003_extreme/E01522N3585E03578N2685-BS-M809_E01778N3400_D010_S067D50R090_A006995_S075	70506	9.011	11.145	0.982	1.049	-0.007	-0.007	11.43
BS_4-8_manning003_extreme/E01470N3877E01631N3641-BS-M774_E01603N3670_D010_S067D90R270_A005608_S028	27374	4.038	10.171	0.955	0.896	-0.028	-0.014	5.85
BS_4-8_manning003_extreme/E01470N3877E01631N3641-BS-M809_E01579N3692_D010_S112D90R090_A012497_S042	170795	6.121	12.006	0.958	0.859	0.605	1.398	6.213
BS_4-8_manning003_extreme/E01522N3585E03578N2685-BS-M809_E01936N3378_D010_S067D30R090_A006995_S075	57417	8.329	10.894	0.938	1.01	-0.004	-0.004	11.067
BS_4-8_manning003_extreme/E01522N3585E03578N2685-BS-M809_E01794N3490_D010_S067D30R090_A006995_S075	63206	7.041	10.951	0.902	0.979	-0.008	-0.008	9.418
BS_4-8_manning003_extreme/E01522N3585E03578N2685-BS-M792_E01832N3400_D010_S247D70R270_A004781_S062	47905	12.323	10.71	0.935	1.149	0.002	0.002	13.879
BS_4-8_manning003_extreme/E01522N3585E03578N2685-BS-M809_E01848N3490_D010_S067D30R090_A006995_S075	46800	6.523	10.661	0.911	0.947	-0.006	-0.005	7.585
BS_4-8_manning003_extreme/E01522N3585E03578N2685-BS-M774_E01909N3378_D010_S247D30R090_A003139_S050	16548	3.792	9.617	0.907	0.78	-0.001	-0.001	4.972
BS_4-8_manning003_extreme/E01522N3585E03578N2685-BS-M809_E01609N3535_D010_S067D30R090_A006995_S075	53775	8.575	10.82	0.93	1.022	-0.021	-0.019	11.313
BS_4-8_manning003_extreme/E01522N3585E03578N2685-BS-M809_E01636N3535_D010_S067D30R090_A006995_S075	63039	8.502	10.983	0.933	1.017	-0.02	-0.017	11.296
BS_4-8_manning003_extreme/E01446N4259E02038N3783-BS-M809_E01846N3895_D010_S292D70R090_A006995_S075	143081	14.062	12.08	1.233	1.222	-0.001	0.0	15.467
BS_4-8_manning003_extreme/E01522N3585E03578N2685-BS-M809_E01711N3490_D010_S067D70R090_A006995_S075	85946	11.036	11.373	1.012	1.087	-0.006	-0.006	12.431
BS_4-8_manning003_extreme/E01522N3585E03578N2685-BS-M809_E01896N3310_D010_S067D50R090_A006995_S075	75279	8.172	11.242	1.013	1.057	-0.004	-0.004	9.405
BS_4-8_manning003_extreme/E01522N3585E03578N2685-BS-M809_E01844N3467_D010_S247D30R090_A006995_S075	56421	5.813	10.888	0.949	0.963	-0.006	-0.006	6.239
BS_4-8_manning003_extreme/E01522N3585E03578N2685-BS-M809_E01882N3378_D010_S247D30R090_A006995_S075	69162	6.327	11.109	0.965	0.983	-0.005	-0.004	6.694
BS_4-8_manning003_extreme/E01522N3585E03578N2685-BS-M809_E01739N3490_D010_S067D70R090_A006995_S075	111442	11.429	11.716	1.1	1.122	-0.006	-0.005	12.772
BS_4-8_manning003_extreme/E01522N3585E03578N2685-BS-M809_E01936N3378_D010_S067D70R090_A006995_S075	79770	12.768	11.333	1.047	1.15	-0.002	-0.002	14.388
BS_4-8_manning003_extreme/E01522N3585E03578N2685-BS-M809_E01836N3422_D010_S067D70R270_A006995_S075	77106	11.591	11.307	1.055	1.093	0.003	0.004	13.568
BS_4-8_manning003_extreme/E01522N3585E03578N2685-BS-M809_E01739N3490_D010_S067D50R090_A006995_S075	105773	9.198	11.639	1.073	1.072	-0.011	-0.01	11.351
BS_4-8_manning003_extreme/E01522N3585E03578N2685-BS-M809_E01824N3355_D010_S247D50R090_A006995_S075	52722	4.574	10.815	0.944	0.946	-0.006	-0.005	5.951
BS_4-8_manning003_extreme/E01522N3585E03578N2685-BS-M792_E01836N3422_D010_S067D70R270_A004781_S062	37738	6.684	10.456	0.921	1.013	0.002	0.002	7.727
BS_4-8_manning003_extreme/E01522N3585E03578N2685-BS-M809_E01782N3422_D010_S067D30R090_A006995_S075	65313	7.143	11.044	0.957	1.011	-0.008	-0.007	8.445
BS_4-8_manning003_extreme/E01267N3753E01646N3535-BS-M809_E01557N3557_D010_S067D70R270_A006995_S075	24760	4.523	10.07	0.954	0.902	0.006	0.007	6.321
BS_4-8_manning003_extreme/E01522N3585E03578N2685-BS-M809_E01874N3333_D010_S067D30R090_A006995_S075	64805	7.954	11.045	0.967	1.018	-0.005	-0.004	9.924
BS_4-8_manning003_extreme/E01267N3753E01646N3535-BS-M774_E01568N3625_D010_S067D90R270_A003139_S050	18048	4.537	9.74	0.941	0.803	-0.006	-0.003	5.786
BS_4-8_manning003_extreme/E01267N3753E01646N3535-BS-M809_E01530N3737_D010_S157D90R270_A006995_S075	506504	18.771	14.334	3.316	1.893	1.191	2.46	17.692
BS_4-8_manning003_extreme/E01522N3585E03578N2685-BS-M809_E01766N3490_D010_S247D30R090_A006995_S075	80855	7.205	11.291	0.991	1.001	-0.009	-0.008	8.242
BS_4-8_manning003_extreme/E01522N3585E03578N2685-BS-M792_E01778N3400_D010_S067D30R090_A004781_S062	22614	4.33	9.94	0.917	0.863	-0.004	-0.004	6.435
BS_4-8_manning003_extreme/E01470N3877E01631N3641-BS-M792_E01603N3670_D010_S022D90R090_A008541_S034	81821	13.629	11.298	0.986	1.185	0.033	0.057	15.327
BS_4-8_manning003_extreme/E01522N3585E03578N2685-BS-M809_E01954N3333_D010_S247D50R090_A006995_S075	39474	4.634	10.523	0.941	0.919	-0.004	-0.004	5.366
BS_4-8_manning003_extreme/E01522N3585E03578N2685-BS-M809_E01857N3535_D010_S022D70R090_A006995_S075	85297	14.749	11.373	1.02	1.211	-0.005	-0.004	16.362
BS_4-8_manning003_extreme/E01522N3585E03578N2685-BS-M809_E01813N3445_D010_S067D70R090_A006995_S075	99874	11.098	11.568	1.058	1.095	-0.004	-0.004	12.879
BS_4-8_manning003_extreme/E01522N3585E03578N2685-BS-M792_E01798N3512_D010_S247D30R090_A004781_S062	24106	4.209	10.026	0.937	0.84	-0.005	-0.004	5.217
BS_4-8_manning003_extreme/E01522N3585E03578N2685-BS-M809_E01886N3400_D010_S067D30R090_A006995_S075	69156	8.352	11.11	0.967	1.024	-0.005	-0.005	11.104
BS_4-8_manning003_extreme/E01522N3585E03578N2685-BS-M809_E01863N3422_D010_S067D70R090_A006995_S075	91917	11.476	11.47	1.042	1.102	-0.003	-0.003	12.863
BS_4-8_manning003_extreme/E01267N3753E01646N3535-BS-M809_E01530N3737_D144_S067D10R270_A006995_S075	336944	8.186	13.256	1.696	1.339	0.652	2.494	7.999
BS_4-8_manning003_extreme/E01522N3585E03578N2685-BS-M809_E01901N3333_D010_S067D70R090_A006995_S075	92730	10.593	11.506	1.071	1.107	-0.003	-0.003	12.15
BS_4-8_manning003_extreme/E01522N3585E03578N2685-BS-M809_E01640N3557_D010_S067D70R090_A006995_S075	96849	13.313	11.531	1.051	1.143	-0.008	-0.007	15.039
BS_4-8_manning003_extreme/E01522N3585E03578N2685-BS-M809_E01840N3445_D010_S067D30R090_A006995_S075	63643	6.768	10.979	0.921	0.977	-0.006	-0.006	8.202
BS_4-8_manning003_extreme/E01446N4259E02038N3783-BS-M809_E01946N3827_D010_S337D70R090_A006995_S075	125608	17.562	11.972	1.26	1.289	-0.005	-0.005	18.883
BS_4-8_manning003_extreme/E01267N3753E01646N3535-BS-M809_E01544N3647_D010_S067D90R090_A006995_S075	140575	18.685	12.021	1.183	1.229	0.036	0.071	20.068
BS_4-8_manning003_extreme/E00979N4372E01586N3827-BS-M809_E01517N3827_D010_S337D70R090_A006995_S075	223970	14.985	12.572	1.288	1.2	0.177	0.468	16.37
BS_4-8_manning003_extreme/E01522N3585E03578N2685-BS-M809_E01817N3467_D010_S067D70R090_A006995_S075	90018	10.23	11.409	1.001	1.055	-0.004	-0.004	12.201
BS_4-8_manning003_extreme/E01267N3753E01646N3535-BS-M809_E01530N3737_D144_S067D90R090_A006995_S075	292239	8.993	12.99	1.499	1.258	-0.133	1.808	8.348
BS_4-8_manning003_extreme/E01522N3585E03578N2685-BS-M809_E01754N3422_D010_S247D50R090_A006995_S075	52447	4.68	10.811	0.945	0.953	-0.008	-0.008	5.496
BS_4-8_manning003_extreme/E01522N3585E03578N2685-BS-M809_E01585N3557_D010_S067D30R090_A006995_S075	56718	9.157	10.879	0.935	1.033	-0.026	-0.022	11.548
BS_4-8_manning003_extreme/E01522N3585E03578N2685-BS-M809_E01867N3445_D010_S067D50R270_A006995_S075	69558	7.322	11.119	0.97	1.007	0.005	0.005	8.43
BS_4-8_manning003_extreme/E01522N3585E03578N2685-BS-M809_E01832N3400_D010_S247D30R090_A006995_S075	71261	6.278	11.141	0.967	0.982	-0.006	-0.006	6.719
BS_4-8_manning003_extreme/E01267N3753E01646N3535-BS-M754_E01616N3580_D010_S067D90R090_A001972_S039	13667	7.178	9.444	0.924	0.87	0.0	0.0	10.558
BS_4-8_manning003_extreme/E01522N3585E03578N2685-BS-M809_E01824N3355_D010_S067D50R090_A006995_S075	77632	11.677	11.275	1.015	1.112	-0.006	-0.005	13.271
BS_4-8_manning003_extreme/E01522N3585E03578N2685-BS-M809_E01762N3467_D010_S067D30R090_A006995_S075	76864	7.284	11.226	0.977	1.012	-0.009	-0.008	8.687
BS_4-8_manning003_extreme/E01522N3585E03578N2685-BS-M809_E01905N3355_D010_S067D30R090_A006995_S075	76495	9.616	11.259	1.015	1.058	-0.004	-0.004	11.533
BS_4-8_manning003_extreme/E01446N4259E02038N3783-BS-M809_E01846N3895_D010_S112D90R270_A006995_S075	126880	14.983	11.877	1.134	1.192	0.001	0.001	16.513
BS_4-8_manning003_extreme/E01522N3585E03578N2685-BS-M809_E01613N3557_D010_S067D50R270_A006995_S075	62742	7.478	10.995	0.95	1.024	0.019	0.021	8.549
BS_4-8_manning003_extreme/E01548N3896E01854N3659-BS-M754_E01619N3760_D010_S157D50R270_A003524_S022	26751	6.285	10.166	0.973	0.914	0.0	0.003	8.397
BS_4-8_manning003_extreme/E01267N3753E01646N3535-BS-M809_E01564N3602_D010_S067D10R090_A006995_S075	19959	4.138	9.813	0.916	0.836	-0.02	-0.017	6.619
BS_4-8_manning003_extreme/E01522N3585E03578N2685-BS-M792_E01668N3557_D010_S067D70R270_A004781_S062	50813	7.363	10.716	0.887	0.988	0.005	0.005	8.081
BS_4-8_manning003_extreme/E01522N3585E03578N2685-BS-M809_E01901N3333_D010_S067D30R090_A006995_S075	69013	7.668	11.127	0.985	1.026	-0.004	-0.004	9.508
BS_4-8_manning003_extreme/E01522N3585E03578N2685-BS-M809_E01640N3557_D010_S247D30R090_A006995_S075	86832	7.192	11.393	1.021	1.029	-0.02	-0.018	7.649
BS_4-8_manning003_extreme/E01267N3753E01646N3535-BS-M809_E01530N3737_D010_S112D90R270_A006995_S075	401308	13.7	14.039	3.117	1.692	-3.762	3.749	16.807
BS_4-8_manning003_extreme/E01522N3585E03578N2685-BS-M809_E01895N3445_D010_S247D70R270_A006995_S075	65752	11.427	11.081	0.987	1.097	0.003	0.003	13.037
BS_4-8_manning003_extreme/E01522N3585E03578N2685-BS-M809_E01878N3355_D010_S067D50R270_A006995_S075	69393	9.57	11.141	0.993	1.094	0.005	0.005	11.502
BS_4-8_manning003_extreme/E01522N3585E03578N2685-BS-M809_E01847N3333_D010_S067D30R090_A006995_S075	56494	7.989	10.866	0.927	0.998	-0.005	-0.005	10.158
BS_4-8_manning003_extreme/E01108N3882E01527N3690-BS-M809_E01442N3715_D010_S247D30R270_A012497_S042	267957	9.625	12.913	1.514	1.045	0.555	1.588	10.808
BS_4-8_manning003_extreme/E01522N3585E03578N2685-BS-M792_E01633N3512_D010_S067D30R090_A004781_S062	21279	6.546	9.863	0.902	0.903	-0.011	-0.009	9.034
BS_4-8_manning003_extreme/E01522N3585E03578N2685-BS-M792_E01886N3400_D010_S067D90R090_A004781_S062	54326	12.547	10.842	0.941	1.144	0.0	0.0	14.106
BS_4-8_manning003_extreme/E01267N3753E01646N3535-BS-M792_E01589N3580_D010_S067D90R270_A004781_S062	26552	4.806	10.14	0.954	0.911	-0.004	-0.003	6.416
BS_4-8_manning003_extreme/E01267N3753E01646N3535-BS-M809_E01561N3580_D010_S067D90R270_A006995_S075	42460	5.944	10.59	0.935	0.975	-0.011	-0.007	7.117
BS_4-8_manning003_extreme/E01522N3585E03578N2685-BS-M809_E01905N3355_D010_S067D70R090_A006995_S075	106033	13.921	11.725	1.166	1.205	-0.003	-0.003	15.32
BS_4-8_manning003_extreme/E01470N3877E01631N3641-BS-M809_E01583N3715_D010_S022D90R090_A012497_S042	195109	15.192	12.475	1.342	1.292	0.196	0.319	16.943
BS_4-8_manning003_extreme/E01522N3585E03578N2685-BS-M809_E01798N3512_D010_S247D50R090_A006995_S075	80784	7.67	11.244	0.946	0.99	-0.008	-0.007	8.207
BS_4-8_manning003_extreme/E01267N3753E01646N3535-BS-M809_E01575N3670_D010_S202D70R270_A006995_S075	185690	18.169	12.435	1.354	1.34	0.028	0.054	19.513
BS_4-8_manning003_extreme/E01267N3753E01646N3535-BS-M774_E01592N3602_D010_S067D90R090_A003139_S050	24225	11.037	10.094	0.998	1.151	0.002	0.003	12.815
BS_4-8_manning003_extreme/E01522N3585E03578N2685-BS-M809_E01874N3333_D010_S247D50R090_A006995_S075	52168	5.154	10.806	0.945	0.945	-0.005	-0.005	7.384
BS_4-8_manning003_extreme/E01470N3877E01631N3641-BS-M809_E01587N3737_D010_S157D90R270_A012497_S042	299079	13.116	13.04	1.54	1.292	0.253	0.393	14.1
BS_4-8_manning003_extreme/E01522N3585E03578N2685-BS-M809_E01613N3557_D010_S067D30R090_A006995_S075	70058	8.995	11.098	0.942	1.032	-0.024	-0.021	11.459
BS_4-8_manning003_extreme/E01522N3585E03578N2685-BS-M809_E01692N3535_D010_S067D50R270_A006995_S075	94308	10.339	11.541	1.09	1.072	0.013	0.014	13.365
BS_4-8_manning003_extreme/E01522N3585E03578N2685-BS-M809_E01928N3333_D010_S067D30R090_A006995_S075	58705	6.567	10.929	0.95	0.999	-0.004	-0.004	7.799
BS_4-8_manning003_extreme/E01522N3585E03578N2685-BS-M809_E01708N3467_D010_S247D50R090_A006995_S075	51075	4.877	10.779	0.94	0.952	-0.011	-0.01	5.849
BS_4-8_manning003_extreme/E01522N3585E03578N2685-BS-M809_E01782N3422_D010_S247D50R090_A006995_S075	74021	5.596	11.167	0.956	0.981	-0.008	-0.007	6.282
BS_4-8_manning003_extreme/E01522N3585E03578N2685-BS-M809_E01817N3467_D010_S247D30R090_A006995_S075	74425	6.76	11.188	0.97	0.994	-0.007	-0.006	7.346
BS_4-8_manning003_extreme/E01446N4259E02038N3783-BS-M809_E01822N3917_D010_S292D70R090_A006995_S075	131586	13.341	11.934	1.158	1.183	-0.002	-0.001	14.912
BS_4-8_manning003_extreme/E01522N3585E03578N2685-BS-M774_E01874N3333_D010_S067D70R090_A003139_S050	27659	6.313	10.121	0.898	0.926	-0.001	-0.001	7.323
BS_4-8_manning003_extreme/E01548N3896E01854N3659-BS-M754_E01595N3782_D010_S337D50R090_A003524_S022	27150	5.999	10.133	0.927	0.919	-0.002	0.001	8.066
BS_4-8_manning003_extreme/E01522N3585E03578N2685-BS-M809_E01874N3333_D010_S067D50R090_A006995_S075	88922	10.123	11.462	1.069	1.098	-0.005	-0.005	11.743
BS_4-8_manning003_extreme/E01108N3882E01527N3690-BS-M809_E01484N3805_D010_S157D90R270_A012497_S042	350158	9.887	13.349	1.792	1.251	1.19	2.006	12.396
BS_4-8_manning003_extreme/E01267N3753E01646N3535-BS-M809_E01551N3692_D010_S022D70R090_A006995_S075	332623	19.617	13.241	1.692	1.497	0.184	0.386	20.8
BS_4-8_manning003_extreme/E01522N3585E03578N2685-BS-M809_E01857N3535_D010_S247D50R090_A006995_S075	42686	4.389	10.599	0.939	0.908	-0.005	-0.004	4.964
BS_4-8_manning003_extreme/E01267N3753E01646N3535-BS-M792_E01589N3580_D010_S067D90R090_A004781_S062	40437	12.931	10.529	0.924	1.189	0.003	0.004	14.487
BS_4-8_manning003_extreme/E01522N3585E03578N2685-BS-M809_E01762N3467_D010_S067D70R090_A006995_S075	108190	10.934	11.684	1.096	1.104	-0.005	-0.005	12.452
BS_4-8_manning003_extreme/E01522N3585E03578N2685-BS-M792_E01847N3333_D010_S067D30R090_A004781_S062	29979	5.729	10.196	0.893	0.918	-0.003	-0.003	7.5
BS_4-8_manning003_extreme/E01522N3585E03578N2685-BS-M809_E01794N3490_D010_S247D50R090_A006995_S075	90788	7.702	11.421	1.005	1.014	-0.008	-0.007	9.575
BS_4-8_manning003_extreme/E01446N4259E02038N3783-BS-M792_E01822N3917_D010_S112D90R270_A004781_S062	78244	10.926	11.237	0.97	1.09	0.0	0.0	12.546
BS_4-8_manning003_extreme/E01522N3585E03578N2685-BS-M792_E01644N3580_D010_S247D70R090_A004781_S062	63092	6.348	10.984	0.934	0.993	-0.009	-0.008	7.095
BS_4-8_manning003_extreme/E01522N3585E03578N2685-BS-M809_E01882N3378_D010_S067D70R090_A006995_S075	110120	16.416	11.762	1.165	1.247	-0.003	-0.003	17.924
BS_4-8_manning003_extreme/E01522N3585E03578N2685-BS-M809_E01684N3490_D010_S067D50R090_A006995_S075	61705	9.9	11.009	0.979	1.074	-0.013	-0.012	11.807
BS_4-8_manning003_extreme/E01522N3585E03578N2685-BS-M792_E01754N3422_D010_S247D50R090_A004781_S062	21973	3.367	9.951	0.955	0.823	-0.005	-0.005	4.412
BS_4-8_manning003_extreme/E01267N3753E01646N3535-BS-M809_E01572N3647_D010_S067D90R090_A006995_S075	156320	17.898	12.167	1.231	1.223	0.028	0.053	19.289
BS_4-8_manning003_extreme/E01267N3753E01646N3535-BS-M809_E01530N3737_D010_S292D70R090_A006995_S075	220760	13.044	13.09	2.192	1.396	-4.453	2.606	15.898
BS_4-8_manning003_extreme/E01522N3585E03578N2685-BS-M809_E01844N3467_D010_S067D30R090_A006995_S075	55152	6.328	10.826	0.912	0.965	-0.006	-0.006	7.178
BS_4-8_manning003_extreme/E01522N3585E03578N2685-BS-M809_E01743N3512_D010_S247D30R090_A006995_S075	85266	7.463	11.357	1.004	1.009	-0.011	-0.01	8.703
BS_4-8_manning003_extreme/E01522N3585E03578N2685-BS-M809_E01832N3400_D010_S067D30R090_A006995_S075	77916	8.164	11.255	0.991	1.036	-0.006	-0.006	10.663
BS_4-8_manning003_extreme/E01522N3585E03578N2685-BS-M809_E01805N3400_D010_S247D50R090_A006995_S075	73460	6.167	11.157	0.953	0.98	-0.007	-0.006	7.533
BS_4-8_manning003_extreme/E01522N3585E03578N2685-BS-M809_E01692N3535_D010_S247D30R090_A006995_S075	89169	7.002	11.404	1.006	1.019	-0.015	-0.013	8.081
BS_4-8_manning003_extreme/E01522N3585E03578N2685-BS-M792_E01859N3400_D010_S247D70R270_A004781_S062	52817	12.907	10.814	0.941	1.16	0.002	0.002	14.464
BS_4-8_manning003_extreme/E01522N3585E03578N2685-BS-M809_E01901N3333_D010_S247D50R090_A006995_S075	53661	5.675	10.834	0.945	0.95	-0.004	-0.004	7.467
BS_4-8_manning003_extreme/E01522N3585E03578N2685-BS-M809_E01790N3467_D010_S247D30R090_A006995_S075	84987	7.095	11.367	1.017	1.018	-0.008	-0.007	7.784
BS_4-8_manning003_extreme/E01267N3753E01646N3535-BS-M809_E01572N3647_D010_S022D70R090_A006995_S075	131626	15.479	11.886	1.103	1.22	0.037	0.076	17.374
BS_4-8_manning003_extreme/E01522N3585E03578N2685-BS-M809_E01932N3355_D010_S067D70R090_A006995_S075	90729	11.47	11.493	1.081	1.137	-0.002	-0.002	13.068
BS_4-8_manning003_extreme/E01522N3585E03578N2685-BS-M809_E01664N3535_D010_S067D50R270_A006995_S075	78377	10.11	11.285	1.015	1.054	0.015	0.016	13.37
BS_4-8_manning003_extreme/E01470N3877E01631N3641-BS-M809_E01579N3692_D010_S157D90R270_A012497_S042	269485	12.553	12.926	1.524	1.214	0.487	0.702	13.296
BS_4-8_manning003_extreme/E01470N3877E01631N3641-BS-M809_E01579N3692_D010_S022D90R090_A012497_S042	185645	15.437	12.411	1.322	1.277	0.158	0.262	17.215
BS_4-8_manning003_extreme/E01522N3585E03578N2685-BS-M809_E01770N3512_D010_S067D30R090_A006995_S075	63545	7.249	10.955	0.901	0.986	-0.009	-0.009	9.957
BS_4-8_manning003_extreme/E01522N3585E03578N2685-BS-M792_E01824N3355_D010_S247D50R090_A004781_S062	24104	3.697	10.038	0.949	0.839	-0.003	-0.003	4.375
BS_4-8_manning003_extreme/E01522N3585E03578N2685-BS-M809_E01739N3490_D010_S247D50R090_A006995_S075	99174	7.542	11.539	1.035	1.028	-0.01	-0.01	9.565
BS_4-8_manning003_extreme/E01522N3585E03578N2685-BS-M809_E01805N3400_D010_S067D50R090_A006995_S075	92013	10.221	11.478	1.049	1.094	-0.007	-0.006	12.091
BS_4-8_manning003_extreme/E01522N3585E03578N2685-BS-M792_E01928N3333_D010_S247D50R090_A004781_S062	23636	3.674	10.022	0.953	0.835	-0.002	-0.002	5.272
BS_4-8_manning003_extreme/E01522N3585E03578N2685-BS-M809_E01909N3378_D010_S247D30R090_A006995_S075	59088	5.893	10.937	0.952	0.966	-0.004	-0.004	6.433
BS_4-8_manning003_extreme/E01522N3585E03578N2685-BS-M809_E01863N3422_D010_S247D30R090_A006995_S075	68956	6.201	11.102	0.961	0.982	-0.005	-0.005	6.764
BS_4-8_manning003_extreme/E01517N3917E01678N3772-BS-M774_E01566N3782_D010_S337D30R090_A005608_S028	51931	5.283	10.766	0.913	1.001	-0.013	-0.009	6.894
BS_4-8_manning003_extreme/E01522N3585E03578N2685-BS-M792_E01813N3445_D010_S067D70R270_A004781_S062	38248	6.67	10.461	0.913	0.996	0.002	0.002	7.709
BS_4-8_manning003_extreme/E01522N3585E03578N2685-BS-M809_E01836N3422_D010_S067D70R090_A006995_S075	101352	11.907	11.599	1.076	1.118	-0.004	-0.003	13.345
BS_4-8_manning003_extreme/E01267N3753E01646N3535-BS-M809_E01530N3737_D010_S337D70R090_A006995_S075	477588	17.113	14.143	2.904	1.763	1.065	2.164	17.81
BS_4-8_manning003_extreme/E01522N3585E03578N2685-BS-M809_E02116N3333_D010_S202D50R090_A006995_S075	24318	3.506	10.058	0.96	0.826	-0.003	-0.003	4.277
BS_4-8_manning003_extreme/E01522N3585E03578N2685-BS-M809_E01905N3355_D010_S247D50R090_A006995_S075	71785	7.064	11.139	0.959	0.992	-0.004	-0.004	9.199
BS_4-8_manning003_extreme/E01522N3585E03578N2685-BS-M809_E01859N3400_D010_S067D70R090_A006995_S075	108613	14.383	11.725	1.138	1.195	-0.003	-0.003	16.008
BS_4-8_manning003_extreme/E01470N3877E01631N3641-BS-M809_E01579N3692_D010_S067D90R270_A012497_S042	94932	6.569	11.488	1.027	0.996	-0.333	-0.164	7.584
BS_4-8_manning003_extreme/E01108N3882E01527N3690-BS-M809_E01442N3715_D010_S067D70R270_A012497_S042	362974	9.59	13.49	1.99	1.242	-1.428	2.526	11.792
BS_4-8_manning003_extreme/E01446N4259E02038N3783-BS-M809_E01970N3805_D010_S337D70R090_A006995_S075	148524	17.897	12.167	1.295	1.303	-0.005	-0.004	19.396
BS_4-8_manning003_extreme/E01522N3585E03578N2685-BS-M809_E01770N3512_D010_S247D30R090_A006995_S075	69782	6.547	11.09	0.939	0.974	-0.009	-0.008	7.132
BS_4-8_manning003_extreme/E01522N3585E03578N2685-BS-M809_E01684N3490_D010_S247D50R090_A006995_S075	59622	5.201	10.93	0.936	0.962	-0.013	-0.012	7.049
BS_4-8_manning003_extreme/E01522N3585E03578N2685-BS-M809_E01913N3400_D010_S067D70R090_A006995_S075	80749	13.905	11.334	1.035	1.174	-0.003	-0.003	15.533
BS_4-8_manning003_extreme/E01522N3585E03578N2685-BS-M809_E01809N3422_D010_S067D70R090_A006995_S075	102419	11.605	11.624	1.091	1.123	-0.004	-0.004	13.269
BS_4-8_manning003_extreme/E01522N3585E03578N2685-BS-M809_E01644N3580_D010_S022D50R090_A006995_S075	41104	6.151	10.586	0.963	0.961	-0.009	-0.005	8.29
BS_4-8_manning003_extreme/E01267N3753E01646N3535-BS-M809_E01572N3647_D010_S022D90R090_A006995_S075	120315	16.048	11.803	1.111	1.224	0.04	0.081	17.754
BS_4-8_manning003_extreme/E01108N3882E01527N3690-BS-M792_E01477N3760_D010_S292D10R270_A008541_S034	66359	5.419	10.998	0.9	0.959	0.524	0.623	5.977
BS_4-8_manning003_extreme/E01267N3753E01646N3535-BS-M809_E01547N3670_D010_S022D90R090_A006995_S075	231434	19.33	12.704	1.422	1.368	0.127	0.287	21.046
BS_4-8_manning003_extreme/E01522N3585E03578N2685-BS-M809_E01840N3445_D010_S247D30R090_A006995_S075	69950	6.489	11.116	0.961	0.985	-0.006	-0.006	7.143
BS_4-8_manning003_extreme/E01522N3585E03578N2685-BS-M809_E01963N3378_D010_S067D30R090_A006995_S075	39571	6.305	10.492	0.91	0.958	-0.003	-0.003	8.341
BS_4-8_manning003_extreme/E01522N3585E03578N2685-BS-M809_E01715N3512_D010_S067D70R090_A006995_S075	110780	11.766	11.707	1.096	1.125	-0.006	-0.006	13.042
BS_4-8_manning003_extreme/E01522N3585E03578N2685-BS-M792_E01882N3378_D010_S247D70R270_A004781_S062	52752	13.358	10.816	0.944	1.187	0.002	0.002	14.915
BS_4-8_manning003_extreme/E01522N3585E03578N2685-BS-M809_E01798N3512_D010_S247D30R090_A006995_S075	52447	5.928	10.8	0.934	0.953	-0.008	-0.007	6.57
BS_4-8_manning003_extreme/E01522N3585E03578N2685-BS-M792_E01770N3512_D010_S067D70R270_A004781_S062	42187	6.371	10.567	0.921	0.968	0.003	0.003	7.428
BS_4-8_manning003_extreme/E01522N3585E03578N2685-BS-M809_E01805N3400_D010_S247D30R090_A006995_S075	57483	5.632	10.902	0.944	0.955	-0.007	-0.006	5.934
BS_4-8_manning003_extreme/E01522N3585E03578N2685-BS-M809_E01878N3355_D010_S067D30R090_A006995_S075	78423	10.214	11.294	1.025	1.077	-0.005	-0.004	11.954
BS_4-8_manning003_extreme/E01522N3585E03578N2685-BS-M809_E01735N3467_D010_S247D50R090_A006995_S075	75787	5.66	11.186	0.952	0.987	-0.01	-0.009	6.824
BS_4-8_manning003_extreme/E01522N3585E03578N2685-BS-M809_E01798N3512_D010_S067D50R090_A006995_S075	63869	8.303	11.002	0.939	0.997	-0.008	-0.007	10.703
BS_4-8_manning003_extreme/E01522N3585E03578N2685-BS-M809_E01905N3355_D010_S067D50R090_A006995_S075	105250	12.551	11.703	1.149	1.168	-0.005	-0.004	13.863
BS_4-8_manning003_extreme/E01446N4259E02038N3783-BS-M754_E01827N3940_D010_S112D90R270_A001972_S039	23988	4.392	9.987	0.906	0.882	0.0	0.0	6.524
BS_4-8_manning003_extreme/E01522N3585E03578N2685-BS-M774_E01905N3355_D010_S247D30R090_A003139_S050	15918	3.994	9.571	0.901	0.763	-0.001	-0.001	5.175
BS_4-8_manning003_extreme/E01108N3882E01527N3690-BS-M809_E01506N3760_D010_S022D90R090_A012497_S042	1824	0.625	5.581	0.145	0.14	-2.075	-1.367	2.229
BS_4-8_manning003_extreme/E01267N3753E01646N3535-BS-M809_E01551N3692_D010_S202D10R270_A006995_S075	83276	9.416	11.328	0.998	1.019	-0.042	0.008	11.836
BS_4-8_manning003_extreme/E01522N3585E03578N2685-BS-M792_E02089N3333_D010_S022D50R090_A004781_S062	19781	5.004	9.79	0.903	0.845	-0.002	-0.002	7.209
BS_4-8_manning003_extreme/E01267N3753E01646N3535-BS-M809_E01575N3670_D010_S022D90R090_A006995_S075	213407	19.706	12.61	1.404	1.383	0.062	0.12	21.268
BS_4-8_manning003_extreme/E01522N3585E03578N2685-BS-M809_E01828N3378_D010_S067D50R090_A006995_S075	95742	12.636	11.54	1.073	1.144	-0.006	-0.006	14.204
BS_4-8_manning003_extreme/E01267N3753E01646N3535-BS-M809_E01530N3737_D010_S022D10R270_A006995_S075	208132	9.846	12.393	1.158	1.075	0.006	1.313	10.839
BS_4-8_manning003_extreme/E01522N3585E03578N2685-BS-M809_E01855N3378_D010_S067D30R090_A006995_S075	80302	9.865	11.303	1.01	1.069	-0.005	-0.005	11.838
BS_4-8_manning003_extreme/E01522N3585E03578N2685-BS-M809_E01668N3557_D010_S067D70R270_A006995_S075	101030	9.99	11.641	1.125	1.084	0.007	0.007	12.822
BS_4-8_manning003_extreme/E01522N3585E03578N2685-BS-M809_E01981N3333_D010_S067D50R090_A006995_S075	39490	5.911	10.54	0.957	0.961	-0.003	-0.003	7.344
BS_4-8_manning003_extreme/E01522N3585E03578N2685-BS-M792_E01863N3422_D010_S067D70R270_A004781_S062	36809	6.57	10.428	0.918	1.005	0.002	0.002	7.79
BS_4-8_manning003_extreme/E01522N3585E03578N2685-BS-M809_E01633N3512_D010_S247D50R090_A006995_S075	44427	5.127	10.652	0.952	0.947	-0.016	-0.014	5.816
BS_4-8_manning003_extreme/E01522N3585E03578N2685-BS-M809_E01786N3445_D010_S247D30R090_A006995_S075	77035	6.672	11.236	0.984	1.0	-0.008	-0.007	7.268
BS_4-8_manning003_extreme/E01522N3585E03578N2685-BS-M809_E01719N3535_D010_S247D30R090_A006995_S075	84344	6.83	11.335	0.992	1.008	-0.013	-0.012	7.392
BS_4-8_manning003_extreme/E01522N3585E03578N2685-BS-M774_E01832N3400_D010_S067D30R090_A003139_S050	18264	4.015	9.719	0.911	0.829	-0.002	-0.002	6.027
BS_4-8_manning003_extreme/E01522N3585E03578N2685-BS-M774_E01882N3378_D010_S247D30R090_A003139_S050	17212	4.037	9.661	0.911	0.788	-0.002	-0.001	5.218
BS_4-8_manning003_extreme/E01522N3585E03578N2685-BS-M809_E01719N3535_D010_S022D30R090_A006995_S075	31994	4.522	10.304	0.933	0.914	-0.01	-0.008	5.704
BS_4-8_manning003_extreme/E01522N3585E03578N2685-BS-M809_E01878N3355_D010_S067D50R090_A006995_S075	106941	13.735	11.729	1.16	1.195	-0.005	-0.005	15.071
BS_4-8_manning003_extreme/E01522N3585E03578N2685-BS-M809_E01828N3378_D010_S247D50R090_A006995_S075	73300	6.087	11.158	0.956	0.982	-0.006	-0.006	7.534
BS_4-8_manning003_extreme/E01522N3585E03578N2685-BS-M809_E01918N3422_D010_S247D30R270_A006995_S075	42093	8.063	10.578	0.933	1.021	0.004	0.004	10.971
BS_4-8_manning003_extreme/E01522N3585E03578N2685-BS-M809_E01851N3355_D010_S067D30R090_A006995_S075	69001	9.629	11.124	0.982	1.054	-0.005	-0.005	11.736
BS_4-8_manning003_extreme/E01522N3585E03578N2685-BS-M809_E01581N3535_D010_S247D50R090_A006995_S075	33790	5.109	10.384	0.957	0.917	-0.018	-0.017	6.43
BS_4-8_manning003_extreme/E01470N3877E01631N3641-BS-M809_E01583N3715_D010_S067D90R270_A012497_S042	90953	6.639	11.413	0.995	0.985	-0.647	-0.299	7.852
BS_4-8_manning003_extreme/E01522N3585E03578N2685-BS-M809_E01731N3445_D010_S067D50R090_A006995_S075	68668	8.132	11.105	0.968	1.029	-0.01	-0.009	10.982
BS_4-8_manning003_extreme/E01522N3585E03578N2685-BS-M774_E01828N3378_D010_S067D70R090_A003139_S050	25414	7.624	10.063	0.923	0.961	-0.001	-0.001	10.696
BS_4-8_manning003_extreme/E01522N3585E03578N2685-BS-M809_E01747N3535_D010_S022D50R090_A006995_S075	54969	7.295	10.877	0.963	1.01	-0.009	-0.008	10.389
BS_4-8_manning003_extreme/E01267N3753E01646N3535-BS-M809_E01470N3715_D010_S067D10R270_A006995_S075	242079	10.298	12.689	1.339	1.08	0.017	1.326	11.391
BS_4-8_manning003_extreme/E01522N3585E03578N2685-BS-M809_E01747N3535_D010_S067D30R090_A006995_S075	65230	7.335	10.99	0.909	0.99	-0.011	-0.01	10.478
BS_4-8_manning003_extreme/E01522N3585E03578N2685-BS-M774_E01828N3378_D010_S067D30R090_A003139_S050	17249	4.096	9.643	0.894	0.814	-0.002	-0.002	6.408
BS_4-8_manning003_extreme/E01522N3585E03578N2685-BS-M809_E01857N3535_D010_S022D50R090_A006995_S075	88754	12.796	11.42	1.027	1.146	-0.009	-0.008	14.363
BS_4-8_manning003_extreme/E01522N3585E03578N2685-BS-M809_E01762N3467_D010_S247D30R090_A006995_S075	83977	6.816	11.345	1.007	1.013	-0.009	-0.008	7.347
BS_4-8_manning003_extreme/E01522N3585E03578N2685-BS-M809_E01859N3400_D010_S247D30R090_A006995_S075	74675	6.421	11.197	0.976	0.99	-0.005	-0.005	7.017
BS_4-8_manning003_extreme/E01470N3877E01631N3641-BS-M809_E01587N3737_D010_S022D90R090_A012497_S042	199889	14.993	12.513	1.359	1.296	0.235	0.378	16.676
BS_4-8_manning003_extreme/E01522N3585E03578N2685-BS-M792_E01923N3310_D010_S067D50R090_A004781_S062	37947	5.554	10.494	0.952	0.957	-0.002	-0.002	6.287
BS_4-8_manning003_extreme/E01522N3585E03578N2685-BS-M809_E01990N3378_D010_S202D50R090_A006995_S075	22520	3.173	9.987	0.965	0.809	-0.004	-0.003	3.931
BS_4-8_manning003_extreme/E01267N3753E01646N3535-BS-M774_E01592N3602_D010_S067D90R270_A003139_S050	18123	4.184	9.732	0.93	0.797	-0.003	-0.002	5.579
BS_4-8_manning003_extreme/E01446N4259E02038N3783-BS-M809_E01822N3917_D010_S112D90R270_A006995_S075	117888	13.145	11.705	1.028	1.121	0.001	0.001	14.855
BS_4-8_manning003_extreme/E01522N3585E03578N2685-BS-M809_E01613N3557_D010_S067D70R090_A006995_S075	89086	13.713	11.418	1.021	1.152	-0.008	-0.008	15.429
BS_4-8_manning003_extreme/E01267N3753E01646N3535-BS-M792_E01564N3602_D010_S067D90R270_A004781_S062	26035	4.581	10.121	0.955	0.899	-0.008	-0.005	6.244
BS_4-8_manning003_extreme/E01522N3585E03578N2685-BS-M809_E01840N3445_D010_S067D70R090_A006995_S075	87923	10.331	11.393	1.009	1.065	-0.004	-0.003	12.189
BS_4-8_manning003_extreme/E01522N3585E03578N2685-BS-M774_E01664N3535_D010_S067D90R270_A003139_S050	17527	3.777	9.684	0.916	0.773	-0.0	-0.0	4.565
BS_4-8_manning003_extreme/E01522N3585E03578N2685-BS-M792_E01613N3557_D010_S067D70R270_A004781_S062	26876	5.121	10.139	0.942	0.913	0.006	0.006	6.165
BS_4-8_manning003_extreme/E01267N3753E01646N3535-BS-M809_E01540N3625_D010_S067D90R090_A006995_S075	101684	18.521	11.601	1.074	1.259	0.02	0.037	20.077
BS_4-8_manning003_extreme/E01522N3585E03578N2685-BS-M809_E01821N3490_D010_S247D30R090_A006995_S075	59527	5.947	10.936	0.943	0.967	-0.007	-0.006	6.449
BS_4-8_manning003_extreme/E01522N3585E03578N2685-BS-M809_E01909N3378_D010_S067D30R090_A006995_S075	69206	9.346	11.129	0.984	1.046	-0.004	-0.004	11.593
BS_4-8_manning003_extreme/E01522N3585E03578N2685-BS-M809_E01711N3490_D010_S247D50R090_A006995_S075	79433	5.577	11.243	0.961	0.985	-0.012	-0.011	6.836
BS_4-8_manning003_extreme/E01267N3753E01646N3535-BS-M809_E01551N3692_D010_S157D90R270_A006995_S075	490197	18.567	14.243	3.128	1.803	1.255	2.52	17.465
BS_4-8_manning003_extreme/E01522N3585E03578N2685-BS-M809_E01867N3445_D010_S247D30R090_A006995_S075	54759	5.607	10.858	0.949	0.956	-0.005	-0.005	6.109
BS_4-8_manning003_extreme/E01446N4259E02038N3783-BS-M809_E01846N3895_D010_S112D70R270_A006995_S075	116520	14.092	11.765	1.105	1.167	0.001	0.002	15.724
BS_4-8_manning003_extreme/E01522N3585E03578N2685-BS-M809_E01660N3512_D010_S067D30R090_A006995_S075	57268	8.848	10.894	0.941	1.035	-0.016	-0.014	11.383
BS_4-8_manning003_extreme/E01522N3585E03578N2685-BS-M809_E01940N3400_D010_S067D70R090_A006995_S075	62149	11.53	11.0	0.963	1.101	-0.002	-0.002	13.125
BS_4-8_manning003_extreme/E01267N3753E01646N3535-BS-M792_E01592N3602_D010_S067D90R090_A004781_S062	56450	14.057	10.882	0.942	1.198	0.004	0.006	15.807
BS_4-8_manning003_extreme/E01522N3585E03578N2685-BS-M809_E01739N3490_D010_S067D30R090_A006995_S075	70675	7.181	11.115	0.951	0.983	-0.011	-0.01	8.462
BS_4-8_manning003_extreme/E01267N3753E01646N3535-BS-M809_E01568N3625_D010_S067D90R270_A006995_S075	102309	11.372	11.61	1.077	1.073	-0.029	-0.017	13.404
BS_4-8_manning003_extreme/E01267N3753E01646N3535-BS-M809_E01516N3647_D010_S067D90R090_A006995_S075	104804	19.185	11.619	1.061	1.268	0.044	0.092	20.559
BS_4-8_manning003_extreme/E01522N3585E03578N2685-BS-M809_E01754N3422_D010_S067D50R090_A006995_S075	69531	8.646	11.135	0.985	1.041	-0.008	-0.008	11.201
BS_4-8_manning003_extreme/E01446N4259E02038N3783-BS-M809_E01851N3917_D010_S292D70R090_A006995_S075	111024	11.604	11.672	1.056	1.113	-0.002	-0.001	13.142
BS_4-8_manning003_extreme/E01522N3585E03578N2685-BS-M792_E01719N3535_D010_S067D70R270_A004781_S062	49239	7.812	10.704	0.905	0.988	0.004	0.004	9.539
BS_4-8_manning003_extreme/E01548N3896E01854N3659-BS-M754_E01619N3760_D010_S337D50R090_A003524_S022	36075	6.084	10.459	0.966	0.959	-0.004	-0.001	8.183
BS_4-8_manning003_extreme/E01522N3585E03578N2685-BS-M809_E01782N3422_D010_S067D70R090_A006995_S075	88450	10.756	11.423	1.034	1.097	-0.004	-0.004	12.153
BS_4-8_manning003_extreme/E01522N3585E03578N2685-BS-M809_E01747N3535_D010_S022D30R090_A006995_S075	37930	5.46	10.492	0.95	0.948	-0.01	-0.008	7.256
BS_4-8_manning003_extreme/E01522N3585E03578N2685-BS-M809_E01809N3422_D010_S067D30R090_A006995_S075	75899	7.654	11.217	0.98	1.017	-0.007	-0.006	8.657
BS_4-8_manning003_extreme/E01522N3585E03578N2685-BS-M809_E01801N3378_D010_S247D50R090_A006995_S075	54255	4.674	10.844	0.944	0.949	-0.007	-0.006	5.76
BS_4-8_manning003_extreme/E01522N3585E03578N2685-BS-M809_E01857N3535_D010_S202D50R270_A006995_S075	76705	13.422	11.262	1.014	1.135	0.008	0.009	14.973
BS_4-8_manning003_extreme/E01267N3753E01646N3535-BS-M809_E01491N3670_D010_S202D10R270_A006995_S075	37213	6.103	10.334	0.827	0.934	-1.641	0.632	8.075
BS_4-8_manning003_extreme/E01522N3585E03578N2685-BS-M809_E01711N3490_D010_S067D30R090_A006995_S075	57275	7.326	10.919	0.964	1.007	-0.012	-0.011	9.409
BS_4-8_manning003_extreme/E01267N3753E01646N3535-BS-M809_E01592N3602_D010_S067D10R090_A006995_S075	23038	4.324	9.964	0.922	0.854	-0.019	-0.015	6.306
BS_4-8_manning003_extreme/E01522N3585E03578N2685-BS-M809_E01832N3400_D010_S067D70R090_A006995_S075	109382	13.679	11.734	1.14	1.185	-0.004	-0.003	15.374
BS_4-8_manning003_extreme/E01522N3585E03578N2685-BS-M809_E01715N3512_D010_S067D30R090_A006995_S075	74699	7.642	11.181	0.961	1.0	-0.013	-0.012	9.441
BS_4-8_manning003_extreme/E01522N3585E03578N2685-BS-M809_E02272N3310_D010_S022D30R090_A006995_S075	29210	3.933	10.205	0.925	0.89	-0.002	-0.002	5.586
BS_4-8_manning003_extreme/E01522N3585E03578N2685-BS-M809_E01855N3378_D010_S067D70R090_A006995_S075	110871	16.581	11.777	1.175	1.254	-0.003	-0.003	18.078
BS_4-8_manning003_extreme/E01522N3585E03578N2685-BS-M792_E01747N3535_D010_S067D30R090_A004781_S062	25978	5.365	10.113	0.95	0.884	-0.007	-0.006	7.746
BS_4-8_manning003_extreme/E01522N3585E03578N2685-BS-M809_E01882N3378_D010_S067D50R090_A006995_S075	107384	13.833	11.718	1.143	1.185	-0.005	-0.005	15.191
BS_4-8_manning003_extreme/E01522N3585E03578N2685-BS-M809_E01688N3512_D010_S067D70R090_A006995_S075	99340	11.848	11.567	1.063	1.124	-0.007	-0.007	13.222
BS_4-8_manning003_extreme/E01522N3585E03578N2685-BS-M809_E01719N3535_D010_S067D30R090_A006995_S075	77467	9.296	11.187	0.932	1.022	-0.013	-0.012	11.462
BS_4-8_manning003_extreme/E01522N3585E03578N2685-BS-M774_E01805N3400_D010_S067D70R090_A003139_S050	23585	6.495	9.996	0.93	0.921	-0.001	-0.001	8.866
BS_4-8_manning003_extreme/E01522N3585E03578N2685-BS-M809_E01959N3355_D010_S247D50R090_A006995_S075	39534	4.319	10.53	0.947	0.911	-0.004	-0.004	4.924
BS_4-8_manning003_extreme/E01267N3753E01646N3535-BS-M809_E01470N3715_D144_S067D10R270_A006995_S075	408185	9.174	13.635	2.045	1.432	0.993	2.489	7.817
BS_4-8_manning003_extreme/E01522N3585E03578N2685-BS-M809_E01801N3378_D010_S067D50R090_A006995_S075	74480	10.62	11.211	0.993	1.086	-0.007	-0.006	12.369
BS_4-8_manning003_extreme/E01267N3753E01646N3535-BS-M809_E01575N3670_D010_S022D70R090_A006995_S075	233980	20.409	12.755	1.48	1.432	0.054	0.111	22.203
BS_4-8_manning003_extreme/E01522N3585E03578N2685-BS-M809_E01820N3333_D010_S067D50R090_A006995_S075	62353	10.071	10.996	0.957	1.049	-0.006	-0.005	11.974
BS_4-8_manning003_extreme/E01446N4259E02038N3783-BS-M792_E01846N3895_D010_S112D90R270_A004781_S062	82304	11.861	11.326	1.008	1.118	0.0	0.0	13.419
BS_4-8_manning003_extreme/E01522N3585E03578N2685-BS-M809_E01821N3490_D010_S067D30R090_A006995_S075	54277	6.553	10.806	0.909	0.963	-0.007	-0.007	8.012
BS_4-8_manning003_extreme/E01522N3585E03578N2685-BS-M809_E01719N3535_D010_S067D50R270_A006995_S075	102946	8.957	11.647	1.11	1.062	0.011	0.012	10.51
BS_4-8_manning003_extreme/E01522N3585E03578N2685-BS-M809_E01692N3535_D010_S067D70R270_A006995_S075	96639	10.958	11.541	1.064	1.055	0.006	0.007	13.344
BS_4-8_manning003_extreme/E01522N3585E03578N2685-BS-M809_E01836N3422_D010_S067D30R090_A006995_S075	73339	7.376	11.159	0.957	1.004	-0.006	-0.006	9.003
BS_4-8_manning003_extreme/E01522N3585E03578N2685-BS-M792_E01840N3445_D010_S067D70R270_A004781_S062	37877	6.841	10.455	0.917	0.999	0.002	0.002	8.026
BS_4-8_manning003_extreme/E01446N4259E02038N3783-BS-M809_E01946N3827_D010_S157D90R270_A006995_S075	113462	18.537	11.801	1.175	1.28	0.0	0.0	19.958
BS_4-8_manning003_extreme/E01522N3585E03578N2685-BS-M809_E01901N3333_D010_S067D50R090_A006995_S075	95128	9.963	11.536	1.076	1.1	-0.004	-0.004	11.476
BS_4-8_manning003_extreme/E01522N3585E03578N2685-BS-M809_E01743N3512_D010_S067D70R090_A006995_S075	103308	11.353	11.605	1.062	1.103	-0.005	-0.005	12.926
BS_4-8_manning003_extreme/E01522N3585E03578N2685-BS-M809_E01633N3512_D010_S067D30R090_A006995_S075	45818	9.041	10.651	0.921	1.032	-0.018	-0.016	11.482
BS_4-8_manning003_extreme/E01522N3585E03578N2685-BS-M809_E01813N3445_D010_S247D30R090_A006995_S075	79106	6.777	11.267	0.988	1.002	-0.007	-0.006	7.669
BS_4-8_manning003_extreme/E01522N3585E03578N2685-BS-M809_E01872N3467_D010_S067D30R090_A006995_S075	43351	6.055	10.581	0.908	0.939	-0.005	-0.005	7.567
BS_4-8_manning003_extreme/E01522N3585E03578N2685-BS-M774_E01824N3355_D010_S067D50R090_A003139_S050	20106	5.629	9.801	0.898	0.869	-0.002	-0.002	7.975
BS_4-8_manning003_extreme/E01267N3753E01646N3535-BS-M809_E01568N3625_D010_S067D90R090_A006995_S075	129466	17.985	11.925	1.166	1.221	0.017	0.029	19.725
BS_4-8_manning003_extreme/E01522N3585E03578N2685-BS-M809_E01581N3535_D010_S067D50R090_A006995_S075	49682	10.957	10.734	0.923	1.073	-0.019	-0.017	12.634
BS_4-8_manning003_extreme/E01267N3753E01646N3535-BS-M809_E01544N3647_D010_S202D70R270_A006995_S075	89099	10.866	11.366	0.969	1.086	0.021	0.075	13.124
BS_4-8_manning003_extreme/E01522N3585E03578N2685-BS-M809_E01668N3557_D010_S067D30R090_A006995_S075	80459	8.696	11.252	0.957	1.005	-0.019	-0.017	11.344
BS_4-8_manning003_extreme/E01522N3585E03578N2685-BS-M809_E01950N3310_D010_S067D50R090_A006995_S075	68285	7.457	11.109	0.978	1.028	-0.004	-0.004	8.333
BS_4-8_manning003_extreme/E01522N3585E03578N2685-BS-M809_E01633N3512_D010_S067D50R090_A006995_S075	60917	12.528	10.986	0.97	1.139	-0.016	-0.015	14.062
BS_4-8_manning003_extreme/E01522N3585E03578N2685-BS-M774_E01664N3535_D010_S067D70R270_A003139_S050	16722	3.853	9.651	0.929	0.804	0.003	0.003	4.437
BS_4-8_manning003_extreme/E01267N3753E01646N3535-BS-M809_E01547N3670_D010_S067D90R090_A006995_S075	183143	18.062	12.368	1.285	1.245	0.067	0.148	19.409
BS_4-8_manning003_extreme/E01522N3585E03578N2685-BS-M809_E01613N3557_D010_S247D30R090_A006995_S075	69922	6.513	11.123	0.968	1.003	-0.022	-0.019	7.116
BS_4-8_manning003_extreme/E01522N3585E03578N2685-BS-M809_E01813N3445_D010_S067D30R090_A006995_S075	74620	7.472	11.184	0.964	1.005	-0.007	-0.007	8.562
BS_4-8_manning003_extreme/E01577N3897E01966N3571-BS-M754_E01941N3805_D010_S337D50R090_A003524_S022	18818	3.863	9.718	0.883	0.829	-0.001	-0.001	5.875
BS_4-8_manning003_extreme/E01522N3585E03578N2685-BS-M792_E01636N3535_D010_S067D50R270_A004781_S062	26253	5.29	10.103	0.93	0.922	0.01	0.012	6.458
BS_4-8_manning003_extreme/E01267N3753E01646N3535-BS-M809_E01564N3602_D010_S067D70R090_A006995_S075	101674	17.054	11.608	1.081	1.234	-0.005	0.001	18.812
BS_4-8_manning003_extreme/E01522N3585E03578N2685-BS-M809_E01946N3288_D010_S067D50R090_A006995_S075	81434	8.305	11.329	1.021	1.059	-0.004	-0.003	9.122
